SystematicName	logFC	AveExpr	t	P.Value	adj.P.Val	B
hsa-let-7a-5p	-0.532497589173998	14.210960611249	-2.44420339066507	0.0157631881216998	0.0442540077958675	-4.39609938034461
hsa-let-7a-3p	0.581304197819899	6.23866664120769	4.30843733424826	3.08095772137004e-05	0.000179806316595635	1.40806113579624
hsa-let-7b-5p	0.33900941802742	13.9564260195961	3.28363606392111	0.00129505983958559	0.00518949529525423	-2.12182224391295
hsa-let-7c-5p	-0.373512962626902	13.1804520865214	-3.31340693224598	0.00117381046942585	0.00474603175378432	-2.03048262010288
hsa-let-7d-5p	-0.645224107107968	10.4494854408981	-2.93406896724415	0.00391194263347028	0.013521474460821	-3.14072601034463
hsa-let-7e-5p	-1.34207392925823	10.3668930063485	-5.40668871580126	2.70465482069427e-07	2.50818988747499e-06	5.97522122927997
hsa-let-7e-3p	0.184078747510545	5.20785615327396	4.01233430555629	9.75808216878742e-05	0.000514920602600798	0.309475453302508
hsa-let-7f-5p	-0.701533134228194	13.7565808333675	-3.07026710341762	0.0025704962336428	0.00942211858346431	-2.75561502412505
hsa-let-7f-2-3p	0.175457249986648	5.49005921142378	3.58537016527905	0.00046431072151601	0.00207360274434764	-1.16389167939637
hsa-let-7g-5p	-0.623637548201561	12.1741162402001	-3.1540713094831	0.00197158623428025	0.00750273313588094	-2.511076044782
hsa-let-7g-3p	0.103722833191099	5.47813964462759	2.41101621398387	0.0172079526788216	0.0474877381555012	-4.47361492076559
hsa-let-7i-3p	0.126072126059741	5.47168676080024	2.64702738468605	0.00905277509636923	0.0278368696747588	-3.90136860389609
hsa-miR-1-3p	-4.87710128676037	10.5656313364936	-18.3663087419315	4.4456897742378e-39	7.47765020026798e-36	78.3537162534047
hsa-miR-100-5p	-2.13425312949155	11.6119225428996	-12.5164777850913	1.40972954249034e-24	1.23982488390523e-22	45.2485846890411
hsa-miR-100-3p	-0.104360451423403	5.28053046046951	-2.4647010674664	0.0149256824500229	0.0423534337932324	-4.34773708887577
hsa-miR-101-3p	-0.90527775065744	11.0977020269903	-7.83790928833235	1.0543716752313e-12	3.20262421262131e-11	18.1808384583076
hsa-miR-101-5p	-0.21591037132805	6.10842270362227	-3.13932829109494	0.00206654967557002	0.00778674679526482	-2.55451052937627
hsa-miR-103a	0.272049499867878	11.5116896435793	2.94378702325022	0.00379821750604487	0.0131893715513135	-3.11375706157668
hsa-miR-105-5p	0.133478060148463	5.20218216651994	3.13264315498799	0.00211099291318492	0.00792785951432216	-2.57414746546182
hsa-miR-105-3p	0.134399241423384	5.22725906208189	2.62360021938487	0.00966742395767769	0.0294910126444142	-3.96034155636474
hsa-miR-106a-5p	0.23078350004823	6.11415494692667	2.56108229576229	0.0114958341806848	0.0341625319645087	-4.115388740382
hsa-miR-106a-3p	-0.350692133973095	6.3711697720988	-2.54222724422565	0.012105168671888	0.0356037485571419	-4.1614826158489
hsa-miR-106b-5p	0.83150806716327	10.9432193543444	6.63056644926514	6.75378485312997e-10	1.12334893675793e-08	11.8261410092252
hsa-miR-106b-3p	0.37704924661279	5.54065617013971	4.74456621928942	5.10460546179374e-06	3.54791173005664e-05	3.13321942937004
hsa-miR-10a-3p	0.172818032740884	5.37151374023881	4.18539009070311	5.00866599839582e-05	0.000278153568610871	0.944156327260258
hsa-miR-10b-5p	-0.71244554388422	9.57666800531874	-2.75644467047806	0.00662376041623627	0.0213279062361511	-3.61968048082713
hsa-miR-10b-3p	0.466279586771615	5.9720780345077	4.16820021041897	5.35636301978746e-05	0.000295632570936259	0.880176176330195
hsa-miR-122-3p	0.0925470944648836	5.19749008040064	2.43044021284358	0.0163487274538758	0.0456312957102993	-4.42836427870399
hsa-miR-1224-5p	0.99820864188442	7.9965388142547	5.17762884673736	7.67631734150134e-07	6.43567141104311e-06	4.9634119057015
hsa-miR-1225-3p	0.314482268698876	6.37206236773434	2.5380126859843	0.0122452641114121	0.0359686256020871	-4.17174327739199
hsa-miR-1225-5p	1.55484203389567	10.9783596610893	5.62257868471673	9.87434110164926e-08	1.01272205688866e-06	6.95483890240048
hsa-miR-1226-5p	0.491736970241147	7.21297129231679	3.28094348948316	0.00130658370942983	0.00522944390068047	-2.13004851820087
hsa-miR-1228-3p	0.713729488663261	6.67020689804829	5.7897765397825	4.45497829698664e-08	4.99135620018753e-07	7.73003627869093
hsa-miR-1229-3p	0.708528287070479	6.43021966717502	2.95773276488197	0.00364031767445095	0.0127099415224214	-3.0749182248852
hsa-miR-1231	0.0815765460011315	5.12355221230605	2.66463732714426	0.00861421307703936	0.0266405081968838	-3.85672731358774
hsa-miR-1233-3p	0.125626852185155	5.29036626074397	2.77960054931788	0.00619269862779377	0.0201277663612543	-3.55875430192739
hsa-miR-1234-3p	0.711062333074198	7.85885516917437	3.73099348176248	0.00027658606526442	0.00132493488579496	-0.676540108967755
hsa-miR-1237-3p	0.234259518431127	5.67133289216073	4.63196465926117	8.20908492947493e-06	5.46297956533208e-05	2.67606125112361
hsa-miR-1238-3p	0.42343461537478	6.36334906322236	2.5741692884096	0.0110892309067069	0.0331297132819067	-4.083213525632
hsa-miR-124	0.10724124892306	5.24085876824043	2.83642431188794	0.00524095279570698	0.017456005153226	-3.40731428714695
hsa-miR-124-5p	0.100626072080809	5.1668151859898	2.58206731623485	0.0108501386348153	0.0325528351103845	-4.0637235862217
hsa-miR-125a-3p	1.94643933784651	7.4287737298936	8.25899916610303	1.00606937649803e-13	3.85688590602777e-12	20.4982471350172
hsa-miR-125a-5p	-0.92303548796486	9.27759831239534	-4.71255386009671	5.84724212601265e-06	4.00409618562983e-05	3.00243984947363
hsa-miR-125b-5p	-1.86488238891501	14.5407068724218	-11.5516627824587	4.37584660030726e-22	3.2894632320522e-20	39.5573860887285
hsa-miR-125b-1-3p	0.905686301553464	5.37655244793973	7.82863069773305	1.10985998693999e-12	3.36357567213163e-11	18.1302839974053
hsa-miR-125b-2-3p	-0.695857617934889	7.63815615911176	-4.75341057374048	4.91608097476124e-06	3.4275018443724e-05	3.16946375820535
hsa-miR-127-3p	-0.411217595826861	7.582082016002	-2.88104415185403	0.00458941224171399	0.0156183943157571	-3.28648685072741
hsa-miR-127-5p	0.160096748660296	5.39343973894608	2.58060030440646	0.0108941952791317	0.0326268176443346	-4.06734782973019
hsa-miR-129-2-3p	0.189849328506068	5.69037548457229	2.69670493850646	0.0078646104194056	0.0246279259491556	-3.77474994310735
hsa-miR-129-1-3p	0.104070622259702	5.25562111165454	2.42734020677653	0.0164832494360995	0.0459495762196301	-4.43560850756203
hsa-miR-130a-3p	-2.01822021643238	11.2110362755882	-13.5469965651509	3.178382132651e-27	3.68692327387516e-25	51.2951346253891
hsa-miR-130a-5p	-0.26717593461975	5.57791235569445	-2.43591642620115	0.0161134728553689	0.0450587885997182	-4.41554647657937
hsa-miR-130b-3p	1.04944197414048	7.5522118139747	6.67255021075363	5.43833709634184e-10	9.3220718431052e-09	12.0385649174432
hsa-miR-130b-5p	0.141513273894361	5.34950492809326	2.67688154474492	0.0083206920749477	0.0258635325850072	-3.8255306751963
hsa-miR-132-3p	-0.456630374053627	7.46245365512431	-2.95986068067193	0.00361676206325009	0.0126375357889102	-3.06897775441577
hsa-miR-132-5p	-0.256460983568101	6.15151000204116	-2.46374159495191	0.0149639831772137	0.0424352703124526	-4.35000913104918
hsa-miR-133a-3p	-2.57624995640533	7.76485670060903	-15.1606159960482	2.62916448658529e-31	5.61556148118916e-29	60.619848342634
hsa-miR-133b	-4.14836274234599	10.5050740892646	-17.4183046392869	7.81204245197877e-37	5.56407066991515e-34	73.235086790016
hsa-miR-134-5p	0.952656158676433	8.32187679469622	3.49465619730165	0.000636357087019898	0.00273835016403574	-1.4593282415266
hsa-miR-135a-5p	-1.75658044534327	8.18914034597718	-6.6729523043715	5.42704851577649e-10	9.31458735054699e-09	12.0406027176339
hsa-miR-135a-3p	1.56651959222729	7.65124509894785	5.83831261078563	3.52723878162289e-08	4.02907682899131e-07	7.95767891299044
hsa-miR-135b-5p	-0.498177786851898	5.89620356714156	-3.29429135338248	0.00125038025688165	0.00502392258483113	-2.08921187713615
hsa-miR-135b-3p	0.176830361117606	5.21118292498567	4.5397826140954	1.20441711038095e-05	7.7321739681708e-05	2.30780411655095
hsa-miR-136-5p	-0.879171517500792	8.04756783855819	-5.45314241510279	2.18174054142717e-07	2.06742962855239e-06	6.18392401461263
hsa-miR-136-3p	-0.583005290491306	6.4507195430124	-4.74126447749061	5.1767629622213e-06	3.59064548554896e-05	3.11970130604562
hsa-miR-137-3p	0.257392367593158	5.33178444927686	3.46633806277256	0.000701320965032035	0.00297884308884819	-1.55025567529202
hsa-miR-138-5p	0.163449418100867	5.34423992016595	4.11784589197492	6.5129346093236e-05	0.000353521775324963	0.693940516808474
hsa-miR-138-1-3p	0.0906442753164836	5.29143962276688	2.40502546045721	0.0174809155872726	0.0481422841060867	-4.48750375890169
hsa-miR-138-2-3p	-0.19187960348168	5.66749033826847	-2.75800703625768	0.00659383966091588	0.0212620911759607	-3.61558405507476
hsa-miR-139-3p	0.520309276429048	6.76169594710542	4.09210846232885	7.19281949168802e-05	0.000387807316911114	0.599434482683987
hsa-miR-139-5p	-0.656567370026477	7.15393996843801	-4.97822562561523	1.86060507041442e-06	1.4488600594616e-05	4.10684437434238
hsa-miR-142-3p	-1.11810219564634	10.6134065983309	-2.98586983895356	0.00333995132004062	0.011802096891404	-2.99606437925685
hsa-miR-143-3p	-4.4558036098072	12.7958915710459	-19.6543441458917	4.73352385721034e-42	1.24224067862221e-38	85.1261493007247
hsa-miR-143-5p	-2.5304681400493	8.25286622497865	-13.5936564897386	2.41519558420497e-27	3.00915479454279e-25	51.567559350432
hsa-miR-144-3p	1.83215347652305	7.07415452625563	7.55086375830738	5.09960217377824e-12	1.30954669561756e-10	16.6279391154955
hsa-miR-144-5p	0.45566841272049	5.42711656790572	4.03205827346804	9.05277150357384e-05	0.000479771931280385	0.380747702710827
hsa-miR-145-5p	-3.64476955098741	14.9307853718346	-16.3943829076425	2.34046606473629e-34	6.58359872039628e-32	67.584374238548
hsa-miR-145-3p	-2.96024346346009	9.19547241534005	-17.4112448914374	8.1219111594391e-37	5.56407066991515e-34	73.1965530219305
hsa-miR-146a-3p	0.150692298204275	5.25714881793357	2.99768546681814	0.00322075835614677	0.0114319505250095	-2.96275542488877
hsa-miR-146b-3p	0.0899197168833741	5.27254563839217	2.41957027259354	0.0168247463322914	0.0466695086883763	-4.45372829312393
hsa-miR-147a	0.257167730197745	5.23009922376276	3.71264992637703	0.000295475134699227	0.00140194408057574	-0.738807674700134
hsa-miR-148a-3p	-0.616270239479062	12.498293928623	-2.85882746764372	0.00490394074332451	0.0165257767698909	-3.34685765505378
hsa-miR-148a-5p	0.263078390643979	5.57884589289105	3.32769321799595	0.00111946916083212	0.00454406546852397	-1.98640115828548
hsa-miR-148b-3p	0.397334107112934	9.16328094406348	3.39027994439258	0.000907973696477844	0.00377322237795116	-1.79138425534053
hsa-miR-148b-5p	0.243500534288435	5.21243923098793	3.6651060052363	0.000350278704201856	0.00161915157806258	-0.899023386221152
hsa-miR-149-5p	0.471474729118214	6.96433200086523	2.4993651284751	0.0135992061094508	0.0393021729829831	-4.26510918089343
hsa-miR-149-3p	0.727230471649187	6.10443971836031	6.19278267116459	6.20718969617343e-09	8.43676207593027e-08	9.65417498224273
hsa-miR-150-3p	1.48444153373006	7.8995635881175	7.11833202165485	5.24511449791913e-11	1.12028985212698e-09	14.3348869642468
hsa-miR-151-3p	0.485619647666837	8.50487246741946	3.70289089400962	0.000306015730019689	0.00144279876073754	-0.771832404433328
hsa-miR-151a-5p	-0.428134466869688	10.1864113016746	-3.06781119406951	0.00259035240079661	0.00948198637244808	-2.76269477085442
hsa-miR-152-3p	-1.10578321642256	8.28549905996179	-7.81318000244582	1.20875555134448e-12	3.60643341438833e-11	18.0461521945941
hsa-miR-154-5p	-0.362507237717915	6.23658240617153	-3.84077957743555	0.000185364433587888	0.000921753074042358	-0.298649597572378
hsa-miR-154-3p	-0.146243803490984	5.44721283791448	-2.5350993087144	0.0123429541654674	0.0362397537094762	-4.17882704434678
hsa-miR-155-5p	0.317043973797714	6.66720412018165	3.08696561508704	0.00243917422288815	0.00900947799703074	-2.70734651217868
hsa-miR-155-3p	0.328719491915821	5.23289234065169	3.27050840364732	0.00135215421570932	0.0053893919213817	-2.16187487169073
hsa-miR-15a-5p	-0.37312618515633	11.3365942324113	-2.53006166498733	0.0125135216438956	0.0366685425174781	-4.19105838140787
hsa-miR-15a-3p	0.374497388022514	5.66890587667352	2.82347844126669	0.00544520999442247	0.0180425377209921	-3.44205658439091
hsa-miR-15b-5p	0.899348319968732	10.6030893166708	5.91751590646652	2.40403383453812e-08	2.83263391221935e-07	8.33161761583845
hsa-miR-15b-3p	0.158488702145871	5.47845862719755	2.5270360097597	0.0126169771669168	0.036907401034355	-4.19839396959145
hsa-miR-16-5p	-0.428152682205793	10.9912510610997	-2.43059229700063	0.0163421530579534	0.0456224090348176	-4.42800866329195
hsa-miR-16-1-3p	0.212638040399702	5.42239046828076	2.84362911832036	0.00513033094003003	0.0171597646356063	-3.38791773926067
hsa-miR-16-2-3p	0.34016714158173	6.34600331968501	4.14941572315194	5.76271765456625e-05	0.000315344159251091	0.810495249175591
hsa-miR-17*	0.444654368223888	7.86582833067001	2.8154163114116	0.00557605609871299	0.0184549341334399	-3.4636209868871
hsa-miR-181a-5p	0.898048400406186	9.18575215884713	5.12522650649649	9.70749131122039e-07	7.96973783305562e-06	4.73607908771017
hsa-miR-181a-2-3p	0.233950491786982	5.66676226566904	3.02596090225763	0.00295125428150289	0.0105983660560189	-2.88257650669231
hsa-miR-181a*	0.280102921033301	5.50653456028314	4.49971263979973	1.42053047270953e-05	8.99513319566093e-05	2.14943967992848
hsa-miR-181b-5p	0.545828165876032	7.62185109451908	5.31701725749755	4.08204915289101e-07	3.63521200538064e-06	5.575662890016
hsa-miR-181c-5p	-0.493757482823574	7.52757729688173	-3.68845383319987	0.000322263653556452	0.00150795934859174	-0.820556814696807
hsa-miR-181c-3p	-0.571570261746114	6.61714972669011	-2.44760212553861	0.0156214944315165	0.0439020110840613	-4.38810601194709
hsa-miR-182-5p	0.750176642719154	7.1246379481946	4.39984345732964	2.13419390731201e-05	0.000129359068544101	1.75931528122369
hsa-miR-182-3p	0.400281581646047	5.49128633435379	6.01373328776383	1.50324542652202e-08	1.84727584103017e-07	8.7899147678848
hsa-miR-183-5p	1.04642060545463	7.47120883984715	4.5083342771795	1.3710859059884e-05	8.71073274361656e-05	2.18342587307081
hsa-miR-183-3p	0.720090193878783	5.73673181413794	8.91833593568142	2.35809696683672e-15	1.1496577096288e-13	24.2057779299258
hsa-miR-184	0.194587939747324	5.5940719513803	2.70556789628745	0.00766811881975722	0.0241023608592976	-3.75193692551088
hsa-miR-185-5p	0.628979776708217	7.83690563407173	5.45893038263369	2.12394876564425e-07	2.01977770957661e-06	6.21000873889828
hsa-miR-185-3p	0.135606619051463	5.1856612154586	2.56294517373413	0.0114371511711214	0.0340106753941679	-4.11081784071574
hsa-miR-186-3p	0.124446588736771	5.37272150683659	2.4208095140458	0.016769863045456	0.0465820903214309	-4.45084191303163
hsa-miR-187-3p	0.11876312803821	5.16867692025769	3.29012792401882	0.00126766425234473	0.005087292030883	-2.10196475457324
hsa-miR-187-5p	0.44225342242724	6.07744134759707	3.71281217571367	0.000295302831120755	0.00140162077444828	-0.738258018019567
hsa-miR-188-5p	1.22146787769292	8.56019817427944	4.90300375429351	2.58361279367268e-06	1.93354247784536e-05	3.78979340708787
hsa-miR-18a	0.40639850752938	6.52509913450372	3.08597932302997	0.0024467549192675	0.00903004229118581	-2.7102038204182
hsa-miR-18a-3p	0.248932351379203	5.3149960821112	4.16102915449722	5.50814237762572e-05	0.000302891556327469	0.853546277579492
hsa-miR-18b-3p	0.326889798786611	5.35039950788162	5.89533491232584	2.6772716964469e-08	3.12448984799561e-07	8.22659052147326
hsa-miR-191-3p	0.355837476897535	5.74880163953132	4.94416237330089	2.15966900882869e-06	1.65210381937458e-05	3.96285278913728
hsa-miR-192-5p	0.717705365115449	6.89413539778624	4.49437960086969	1.45197080276447e-05	9.168333703425e-05	2.1284413100855
hsa-miR-192-3p	0.225058371192092	5.37399079914188	4.8772443776976	2.88890406402669e-06	2.13353968636351e-05	3.68200207364915
hsa-miR-193a-3p	-0.620264475957292	9.92866093401211	-4.39830748523733	2.14749391908756e-05	0.000129989555444185	1.75336670708587
hsa-miR-193b-5p	0.63449407438328	6.39965511560242	4.54546340120956	1.17647159194415e-05	7.57807646778384e-05	2.33034006983499
hsa-miR-194-5p	0.850745643008207	6.76854513754489	5.27009395255534	5.05480126864205e-07	4.41137492523305e-06	5.36834355001
hsa-miR-194-3p	0.230784869777488	5.9273799532572	2.50648685465924	0.013340088811193	0.0386779217934525	-4.24800262835845
hsa-miR-195-5p	-1.09467505550034	11.6434023301717	-5.09579041928015	1.10686847424551e-06	8.966900776308e-06	4.60907056335383
hsa-miR-195-3p	0.372629305343555	5.60123711197815	2.55079992048489	0.0118246280992235	0.0349543487924321	-4.14056392969123
hsa-miR-196a-5p	0.835896812588291	6.00637207590496	7.22075039410904	3.03608961154731e-11	6.70831228456168e-10	14.8724005028673
hsa-miR-196a-3p	0.0936446012077976	5.23421084849947	2.47282097097607	0.0146050276745303	0.0415838451943462	-4.32847661324444
hsa-miR-196b-5p	-0.827148773060062	9.00038123389946	-4.37073744423466	2.4002305573149e-05	0.00014380009964038	1.64685968201108
hsa-miR-198	0.999749217860622	6.17086373645287	6.98528548805677	1.06168908140601e-10	2.13543920469347e-09	13.6419957716194
hsa-miR-199a-5p	-1.03853396040909	11.3960175016245	-6.24722816845473	4.73056479192787e-09	6.59631915442295e-08	9.91984351093035
hsa-miR-199b-3p	-1.83203079469186	11.9507426593015	-7.59220192591998	4.0695762295653e-12	1.06124452994246e-10	16.8501263463821
hsa-miR-199b-5p	-2.01234280057379	10.1723245497625	-8.22335846032296	1.22934776177533e-13	4.62069929677342e-12	20.3004375904454
hsa-miR-19a-5p	0.135092494926511	5.26744329787527	3.13937978728261	0.00206621071772899	0.00778674679526482	-2.55435912335714
hsa-miR-19b-1-5p	0.35864243177885	6.17758362881807	4.00222789386223	0.000101395000091192	0.000532541421243981	0.273063394374345
hsa-miR-19b-2-5p	0.108523162148741	5.22907822150858	2.86076081087655	0.00487580654539067	0.0164515679224616	-3.34162055364867
hsa-miR-200a-5p	0.410958370197601	6.26856343902637	3.35394979300082	0.00102567678110022	0.00420777645319653	-1.90496317906725
hsa-miR-200b-5p	0.371135318507456	6.39357466107012	2.42595042874867	0.0165438759911976	0.0460580075831116	-4.43885344359541
hsa-miR-200c-3p	0.52532594891375	10.0306027880486	2.755482119836	0.00664225552683223	0.0213721163005869	-3.62220319282856
hsa-miR-200c-5p	0.542180196994075	5.92301627543881	4.14026127288061	5.97128979462314e-05	0.000325697914375553	0.776625790273186
hsa-miR-202-3p	0.7684044820597	7.34548070245743	4.4605862316876	1.66735029274869e-05	0.000103677752029697	1.99581563346962
hsa-miR-202-5p	0.106970849216595	5.17817693031206	3.15222386135526	0.00198326016092763	0.00753561294623086	-2.51652848879767
hsa-miR-203a	-0.470057609857171	7.21637556610624	-2.54028882295446	0.0121694241156557	0.0357770965480147	-4.16620377626114
hsa-miR-204-5p	-1.73190401774451	7.65744984535539	-6.93271277667057	1.40055526378132e-10	2.75927842305146e-09	13.3699248492658
hsa-miR-205-5p	-5.85459242362879	11.0305133794747	-10.0587956761541	3.06108704321904e-18	1.84708463020428e-16	30.7830925691909
hsa-miR-208a	-0.162621914950478	5.11425851501559	-2.76153228615586	0.00652677865135797	0.0210913385044843	-3.60633342726348
hsa-miR-20b-5p	-0.705071903473904	9.20729602851857	-3.30163920229776	0.00122041198808476	0.00491967157329795	-2.06667125652487
hsa-miR-210-3p	1.44290278196258	7.93617124820019	6.61873913516109	7.17793446828858e-10	1.17931973388634e-08	11.7664240912044
hsa-miR-214-3p	-1.18975248808533	9.94226837448708	-7.05385562996211	7.38722346066913e-11	1.53398887170932e-09	13.99833085982
hsa-miR-214-5p	-0.376502921923266	6.29683430377036	-3.27510423070851	0.00133190439061591	0.00531655457731465	-2.14786859229277
hsa-miR-215-5p	0.490785628277635	6.19233205408478	4.66298631421613	7.20732369690993e-06	4.84989384674335e-05	2.801210280168
hsa-miR-216a	0.361087499050909	5.49557603874472	4.33806990224356	2.73679387815155e-05	0.000161731657551196	1.5213183322989
hsa-miR-217-5p	0.13284297361052	5.26625642882564	2.81055088685364	0.00565640158141654	0.0186733414326646	-3.47660829640779
hsa-miR-218-5p	-1.22751946699505	7.78408590501833	-6.61479063312365	7.32529988261368e-10	1.20206384415183e-08	11.7465001723107
hsa-miR-218-1-3p	0.0972680807111272	5.14534733514291	3.07381234898781	0.00254208074587542	0.00933576378725427	-2.74538628258528
hsa-miR-218-2-3p	0.125928588373081	5.21283318780971	2.45380921344232	0.0153656407857598	0.0433005366310333	-4.37348147992626
hsa-miR-22-5p	-0.65900835539208	6.98406143665589	-5.08298926970586	1.17169798194019e-06	9.45792924114408e-06	4.5539934616452
hsa-miR-220a	0.25311324229371	5.1546760233616	4.60619185051582	9.14246552955e-06	6.01275738834921e-05	2.57255295505751
hsa-miR-220b	0.0971776971903227	5.14319914144337	2.86129713222687	0.00486802813658945	0.0164335641259277	-3.34016719180205
hsa-miR-220c	0.294799384553347	5.47909481312232	4.30335838950072	3.14397434484827e-05	0.000182744357599474	1.3887086705333
hsa-miR-221-3p	-2.72311852372709	10.1572576084864	-13.1968009196454	2.50653595163971e-26	2.3752075891031e-24	49.2463127742337
hsa-miR-221-5p	-0.869755138285862	6.32917720670073	-6.28715350465031	3.87307607437263e-09	5.49748013256943e-08	10.1154889430268
hsa-miR-222-3p	-2.23090342753353	9.80523293492831	-8.54868146063447	1.95368571159285e-14	8.7048989851634e-13	22.1164219418876
hsa-miR-223-3p	-0.656737904296063	9.92212434971662	-2.4554156076845	0.0153000361320551	0.0431880189202714	-4.36969111825934
hsa-miR-223-5p	0.125404391757854	5.32757883139387	2.74633348931621	0.00682040061096519	0.0218639625747676	-3.64614104401664
hsa-miR-224-5p	-0.821185814787412	6.72905798072143	-4.31037834379075	3.05719666637093e-05	0.000178548777529024	1.41546163450268
hsa-miR-23a-3p	-0.70904605140433	13.0700914301541	-4.90156599439841	2.59979477499927e-06	1.94349102735501e-05	3.78376647420343
hsa-miR-23a-5p	0.264729121436294	6.41259680312102	2.7190386010518	0.00737798077621644	0.0233595551352396	-3.71713472704424
hsa-miR-23b-3p	-2.00577808211582	13.3924669074608	-12.2077280373151	8.8269187241219e-24	7.1984859607142e-22	43.428886404079
hsa-miR-23b-5p	-0.320206327650046	6.1720951701337	-3.3019684038496	0.00121908515894824	0.00491579559448832	-2.0656603771042
hsa-miR-24-3p	-0.931405351158784	12.6849131511552	-8.4348767166586	3.72703213032581e-14	1.5623347148182e-12	21.4785571148988
hsa-miR-24-1*	-1.28101365488485	7.15427592910671	-8.94739190974887	1.99503848582456e-15	9.76190467827465e-14	24.3710576123289
hsa-miR-25-3p	1.05261053436222	10.2401766385167	8.54245688767924	2.02406978180928e-14	8.98874025875434e-13	22.0814647249721
hsa-miR-25-5p	0.217512636592328	5.36370778608161	4.75426875360837	4.89815109631664e-06	3.42031765189604e-05	3.17298318333996
hsa-miR-26a-5p	-0.746833187550623	13.6643287429662	-7.78300142912833	1.42780275918729e-12	4.20432872576813e-11	17.8820109663138
hsa-miR-26a-1-3p	0.297352179359289	5.43680052175999	6.89236775132406	1.73118846896026e-10	3.34216241582917e-09	13.161810636741
hsa-miR-26a-2-3p	0.165662198701148	5.21465582528112	3.10602663917297	0.00229687127764214	0.00854484376885615	-2.651970134591
hsa-miR-26b-5p	-1.34993925002	12.24737975977	-5.75957841901606	5.14874461362794e-08	5.69281080698254e-07	7.58898782334741
hsa-miR-26b-3p	0.222666597073437	5.60286476493679	3.33246791780879	0.00110183793422067	0.00448331758175788	-1.97163239472401
hsa-miR-27a-3p	-0.697684257645173	12.0776695493505	-4.81785623697718	3.73197230949682e-06	2.6940675641947e-05	3.43502517053897
hsa-miR-27b-3p	-1.80883323569079	12.711164877605	-13.4686037359112	5.0431004146069e-27	5.51706985194719e-25	50.8371284961417
hsa-miR-27b-5p	-0.358127925102081	5.96935905555461	-2.52764733191028	0.0125960128852217	0.0368771198241185	-4.19691248725852
hsa-miR-28-3p	0.116173526924312	5.38240435578605	2.48917402467335	0.0139778168328486	0.0401844328619831	-4.28951104924513
hsa-miR-28-5p	-1.21161336583287	9.39930464905852	-7.46146992348591	8.29311996807595e-12	2.02526719220381e-10	16.1492005887829
hsa-miR-296-3p	0.145456993614663	5.36794818619123	2.89245536490564	0.00443514073618353	0.0151662652467816	-3.25531723695852
hsa-miR-296-5p	0.571044177392674	6.03141073192429	6.96419805179949	1.18659064585217e-10	2.36895604311376e-09	13.5327464294509
hsa-miR-298	0.392370901870876	5.49355651238554	4.18982823649307	4.92247094889428e-05	0.000273932047511668	0.960708157308594
hsa-miR-299-3p	0.139076038159919	5.59785762097287	2.40527353948794	0.0174695363934052	0.0481207946181495	-4.4869292486071
hsa-miR-299-5p	-0.225553924272714	6.17235687860846	-2.55568314395698	0.0116674430955467	0.0345642205063399	-4.12861942480826
hsa-miR-29a-3p	-0.51096647807246	13.7974199729368	-5.87373720388433	2.9724995017651e-08	3.44512948283818e-07	8.12455264806542
hsa-miR-29a-5p	-0.426829075390664	6.60290929042534	-4.50621670539841	1.38307405282183e-05	8.77500541968109e-05	2.17507398848248
hsa-miR-29b-3p	-0.740090106140828	13.2088225273457	-4.85491695559436	3.18158906915757e-06	2.32797512314216e-05	3.58889713094448
hsa-miR-29b-2-5p	-0.221907895310784	6.04166338888023	-2.68847728094058	0.00805108588728289	0.0251171570486311	-3.79586736778878
hsa-miR-29c-3p	-0.483843305712622	13.9613892147383	-5.09752247287263	1.09836924750003e-06	8.90814552162301e-06	4.616530035974
hsa-miR-29c-5p	-0.375769741128138	9.0738305974996	-2.47382549890027	0.0145657886060615	0.0415072535966039	-4.32608983222948
hsa-miR-301a	-0.385447596477674	7.60016575641424	-2.39270627385539	0.0180543131560175	0.0494683033653781	-4.5159643611756
hsa-miR-301b-3p	0.248847102376494	5.65122300949425	2.82955887224016	0.00534838625149889	0.0177698482469553	-3.42575642128278
hsa-miR-302a-5p	0.124379351952479	5.22447721612552	2.73779324743281	0.00699060368998868	0.0223221554941831	-3.66842255451313
hsa-miR-302b-3p	0.097215788721507	5.24197319498897	2.46681946433398	0.0148414281640301	0.0421410123180394	-4.34271782984356
hsa-miR-302b-5p	0.104242278398679	5.18169323228511	3.03197904826309	0.00289664661096147	0.0104274275761592	-2.86542603739916
hsa-miR-302c-3p	0.0964200470804402	5.21509754844361	2.74251345464922	0.0068960614325557	0.0220831515079651	-3.65611522111663
hsa-miR-302c-5p	0.291739963885917	5.40222229400539	6.80102511559139	2.79143165961301e-10	5.15954730930668e-09	12.6928444279136
hsa-miR-302d-5p	0.18957726190393	5.17467135387236	3.26415673137018	0.00138061332444656	0.00548819287850899	-2.18120452463259
hsa-miR-30a*	-0.345906056539113	7.95813106521229	-2.47157881567304	0.0146536792233746	0.0416958992661723	-4.3314267746884
hsa-miR-30b-3p	0.380460330878662	6.86797733120145	3.52909277001637	0.000564977423312316	0.00246140440136429	-1.34791991875924
hsa-miR-30c-5p	-1.04641726845614	11.1081016947734	-8.08067261839194	2.73486205056703e-13	9.70984267874143e-12	19.5115064560998
hsa-miR-30c-1-3p	0.5177140524029	6.38384530824135	5.93516676360613	2.20631841168161e-08	2.60880672650156e-07	8.41536269013425
hsa-miR-30c-2-3p	0.424715996688612	6.53861790347182	4.7042081670023	6.05740832362259e-06	4.13748661942465e-05	2.96845064672637
hsa-miR-30d-5p	1.00597870152731	11.4162957325817	5.78095432734261	4.64758844963043e-08	5.18987138408524e-07	7.68878306323042
hsa-miR-30d-3p	0.533089689725475	6.2469087422075	5.09740294209504	1.09895374300641e-06	8.90814552162301e-06	4.61601519442203
hsa-miR-30e	-0.431452503156661	11.0303298801907	-5.04148696770263	1.40828882462485e-06	1.12196177762889e-05	4.37608468634415
hsa-miR-30e*	-0.650571088506804	7.91028582741715	-4.65683673450121	7.3960202281366e-06	4.96184195069681e-05	2.77635286336035
hsa-miR-31-5p	-1.56544908136851	7.21931878571248	-7.29445546083159	2.04435871901151e-11	4.60014898378243e-10	15.2613725230935
hsa-miR-31-3p	-1.00702477097843	6.05724623002473	-6.05541170295873	1.22503900512729e-08	1.53483471629356e-07	8.98978262662483
hsa-miR-32-5p	0.562499917788571	7.30574368371203	2.74193335733726	0.00690761744631136	0.0221148942083192	-3.65762877576662
hsa-miR-323-3p	-0.123150901870808	5.27223368452817	-2.79527384453049	0.00591558821022286	0.0193910243500021	-3.51725703516264
hsa-miR-323a-5p	0.075925329758765	5.12943386413784	2.44999999226025	0.0155222096356229	0.0436685872584029	-4.38246042070651
hsa-miR-324-5p	-0.295922141615099	8.52482266364459	-2.39004853710832	0.0181801795344846	0.0497220519951269	-4.52208679156957
hsa-miR-325	0.196061663892714	5.30579060961306	2.72477880544125	0.00725739859357225	0.0230646092288872	-3.70225741998655
hsa-miR-326	-0.200916593357868	6.2382555263089	-2.51938268230093	0.0128820899128462	0.0375604337740539	-4.2169134264657
hsa-miR-329-3p	-0.159132792572032	5.38843640352664	-3.3692074930051	0.000974604774361893	0.00401785595705074	-1.85738956313215
hsa-miR-330-3p	0.220079525317666	5.78390559969753	3.17923339346032	0.00181880767880541	0.00698854258309697	-2.4365389423874
hsa-miR-330-5p	0.0910069399543794	5.16364531070402	2.65213828292878	0.00892346124514642	0.0274643400079346	-3.88843999969035
hsa-miR-331-5p	0.102689357341481	5.26509556320224	2.53105402965119	0.012479755668659	0.0365775631185964	-4.1886506869167
hsa-miR-335-3p	0.446572710082596	5.87795509981824	2.58047405070451	0.0108979943737832	0.0326309328646254	-4.06765965124893
hsa-miR-337-3p	-0.223396890404472	5.82933425121918	-2.66051326442602	0.00871516239920282	0.0269279506874106	-3.86720580900888
hsa-miR-337-5p	-0.41907369015822	6.3250486931466	-3.52905703345049	0.000565047428345295	0.00246140440136429	-1.34803600634843
hsa-miR-338-3p	-0.889013217620108	8.32244284636455	-3.77099746094772	0.000239283733940867	0.00116070725447307	-0.539876540591717
hsa-miR-339-5p	0.0868233558735234	5.16633718809852	2.45550926630331	0.0152962188434565	0.0431863031383867	-4.3694700562365
hsa-miR-33a	0.370677210986137	7.09945700216035	2.49369817621339	0.0138085938205103	0.0398047211758326	-4.27868954459024
hsa-miR-33a-3p	0.274394097707077	5.43010784292181	2.39220118664397	0.018078173780983	0.049513516465888	-4.51712837531095
hsa-miR-33b-5p	0.359666519985587	5.73937159007771	3.99138964208187	0.000105643278671035	0.000553194918225792	0.234095592624318
hsa-miR-33b-3p	0.533926701271711	6.15688524216393	4.77616969480518	4.46141496202386e-06	3.14472497270786e-05	3.26295429997065
hsa-miR-342-5p	0.263536603166629	6.23593516631635	2.42035648204869	0.0167899083898378	0.0466113074672286	-4.45189725035877
hsa-miR-345-5p	1.39270140733791	6.31305364849406	6.04830405158725	1.26861680552111e-08	1.58647841404202e-07	8.95564107515959
hsa-miR-346	-0.123645392676938	5.26971512919135	-2.51552159767671	0.013017720105866	0.0378820159482121	-4.22623698945283
hsa-miR-34a-5p	-0.327558098879388	10.2979515447195	-2.48290347817889	0.0142154217087497	0.0407504717752313	-4.30448010298997
hsa-miR-34a-3p	-0.298603525044643	6.13788126422531	-2.85629244402341	0.00494105554411623	0.0166341864902747	-3.35371983796466
hsa-miR-34b*	-0.386814437344381	7.44401465752252	-2.42827081793755	0.0164427635444197	0.0458652210310347	-4.43343470712262
hsa-miR-34c-3p	0.879816960126643	5.68127611930823	6.60015779369857	7.89789582684522e-10	1.280410677663e-08	11.6727176996982
hsa-miR-362-3p	-0.395815957440265	7.35662755119753	-2.4013850342012	0.0176486561484904	0.0485148758190166	-4.49592811670019
hsa-miR-362-5p	0.285843654250688	6.23897262591759	3.45444340373014	0.000730424301385097	0.00308783832844419	-1.58826304371875
hsa-miR-363-3p	-1.58919426687915	10.7195964999671	-5.60434744032005	1.07608842474754e-07	1.09529847529523e-06	6.87116996454934
hsa-miR-363-5p	0.0900320123266285	5.17973028331294	2.44910041077157	0.0155593912546285	0.0437366134786465	-4.38457900992552
hsa-miR-365a-3p	-0.870379725441689	10.7586452203282	-6.33270996665652	3.08036198147134e-09	4.47134313081752e-08	10.339574167561
hsa-miR-367-5p	-0.0856441268521069	5.14163717965204	-2.58462864375624	0.0107736015474361	0.0323448421290273	-4.05739135730633
hsa-miR-369-3p	0.160329818060974	5.19504170173366	2.58499955927595	0.0107625582272977	0.0323188983500376	-4.05647389057472
hsa-miR-369-5p	0.119456401314619	5.31919955099804	2.74083578459826	0.00692953011276651	0.0221639546463956	-3.66049170969133
hsa-miR-370-3p	0.85039086216418	6.26816078010075	3.86994761356593	0.000166437888478704	0.000837855678028223	-0.196760111969017
hsa-miR-371-3p	0.246038117352966	5.54297900807809	3.04977038256229	0.0027406154810713	0.00994276676012279	-2.81454997435124
hsa-miR-371a-5p	1.32105917644849	7.1067626347019	7.58951300581925	4.12980188193323e-12	1.07279177844196e-10	16.8356584900993
hsa-miR-372-3p	0.1096658123451	5.15847164352102	3.14978309071456	0.00199878159737922	0.00758049751249573	-2.52372778297929
hsa-miR-373-5p	0.129178345952493	5.38845792770273	2.59218472110656	0.0105506309106951	0.0317726537254747	-4.03867766452634
hsa-miR-374a	-1.28124938214619	9.11195636734252	-5.72327205966253	6.12385992016713e-08	6.64002087717719e-07	7.42000988626767
hsa-miR-374a-3p	0.254524366085922	5.21840541743749	4.99708820818832	1.71272448769388e-06	1.3438146184495e-05	4.18687647569714
hsa-miR-374b-5p	-1.23674161319909	8.8497958264386	-6.69154786079854	4.92948310558317e-10	8.56102633867937e-09	12.1349133477156
hsa-miR-374b-3p	0.102664203266118	5.26818321964999	2.71097180779658	0.00755050750948347	0.0238049740036573	-3.73799434236307
hsa-miR-376a-3p	-1.15123490253884	8.32992105696229	-7.37221750004553	1.34451213724937e-11	3.14639222936131e-10	15.6736550846635
hsa-miR-376a-5p	-0.179112929251467	5.58056221164627	-2.49637446853235	0.0137093517797773	0.0395610202763635	-4.27227955213717
hsa-miR-376b-3p	-0.10777147161577	5.31947445708646	-2.54771482578323	0.0119249093568397	0.0352198376439057	-4.14809943700521
hsa-miR-376c	-1.16627481976534	8.19755365503493	-7.59635584837778	3.9782440753266e-12	1.04146405209328e-10	16.8724808671486
hsa-miR-377-3p	-1.07180118564367	7.7784000523027	-7.09374205899401	5.9778570863323e-11	1.26078440366281e-09	14.2063624253472
hsa-miR-378*	-0.437304293663945	7.99875584294187	-3.05174980600422	0.0027237441354229	0.00988955776747182	-2.80887352069125
hsa-miR-378*	-0.257942798351259	5.95648131348089	-2.56044276884236	0.0115160422783846	0.0341923797215231	-4.11695723517778
hsa-miR-379-5p	-0.244366765225282	5.98176057630697	-2.55948381363964	0.0115464035482118	0.0342486513096049	-4.11930848734173
hsa-miR-379-3p	0.22182618693458	5.20225220377605	3.69366000081725	0.000316312585610308	0.0014861390195434	-0.80300425950179
hsa-miR-380	0.0851338368329806	5.19817298195635	2.87425421590572	0.00468352281179705	0.0158824301803279	-3.30498160914771
hsa-miR-381-3p	-0.573097305489704	6.95310838353703	-5.42607221036536	2.47306203732508e-07	2.31254501558348e-06	6.06216448692243
hsa-miR-382-5p	0.41745393002977	6.19682388565366	2.40952867266818	0.0172753760445138	0.0476444886359865	-4.4770665719293
hsa-miR-383-5p	-0.392019274548453	6.06030466937656	-3.26642071842166	0.0013704059378592	0.00545567523663709	-2.17431836765268
hsa-miR-409-5p	0.272414329683084	5.31226663546012	4.09208128271501	7.19357210917168e-05	0.000387807316911114	0.599334926692109
hsa-miR-410-3p	-0.198568074323292	5.64206139842797	-2.66874034003631	0.00851482861485524	0.0263634454306241	-3.84628776179236
hsa-miR-411-5p	-0.258267660790925	5.59601815381458	-3.5727762601501	0.00048524825326485	0.00215708638782022	-1.20528451316948
hsa-miR-411-3p	0.260811566452163	5.26951348154267	3.48275365102862	0.000662941222079473	0.00283461616914566	-1.49762210678507
hsa-miR-412-3p	0.0852408744640023	5.13652040130738	2.81158012519548	0.00563931768478155	0.0186352305418518	-3.47386261549107
hsa-miR-422a	0.60860867967691	5.71537799181868	6.01449870200346	1.49761649768699e-08	1.84204091342561e-07	8.79357801146753
hsa-miR-423-3p	0.220371794452358	6.0702481509646	3.29537081755793	0.00124593502638554	0.00500755726255789	-2.08590315067393
hsa-miR-423-5p	0.402807906806139	8.24286506028235	3.40590111600081	0.000861360081551963	0.00359617165912604	-1.74222900860232
hsa-miR-424-5p	-0.641313240031149	8.64757718958698	-2.68987198896117	0.00801919658907733	0.0250478898102657	-3.79229174850916
hsa-miR-424-3p	0.818822627031485	7.10180706471302	2.43473821071905	0.016163832776497	0.0451808337849073	-4.41830648249536
hsa-miR-425-3p	0.807147981299726	8.35205991054639	5.45697246388529	2.14332886670962e-07	2.03533050320711e-06	6.20118295232383
hsa-miR-425*	0.251991090739466	5.86593681819898	3.64949424951146	0.000370279159309985	0.00169818553772159	-0.951261813185775
hsa-miR-431-5p	0.166720718746555	5.42177745903771	3.68365438370616	0.000327843503970533	0.00153069472221634	-0.83672009941728
hsa-miR-431-3p	0.712206193332341	5.59764543016946	6.47993868120569	1.46120274576353e-09	2.24451417203129e-08	11.069805535963
hsa-miR-433-3p	0.209859962246511	5.40536642277862	3.92315326650429	0.000136549585395843	0.000699433277916432	-0.00930668734036733
hsa-miR-449a	0.602837831290287	5.79517556141609	3.06870616801522	0.00258310012709078	0.00946058663857745	-2.76011536701898
hsa-miR-450b-3p	0.097941164217362	5.24199249648943	2.70628452786949	0.00765242710019447	0.0240699062786856	-3.75008939066695
hsa-miR-450b-5p	0.0836849105570856	5.26446288385797	2.4015347016029	0.0176417318902133	0.0485057507794666	-4.4955820009132
hsa-miR-451a	1.92777472881536	10.570275854392	6.10898503092229	9.40635594988471e-09	1.21586864228289e-07	9.2478693990106
hsa-miR-452-5p	-0.543924957159755	6.34092023107374	-4.90636397140615	2.54617366806515e-06	1.90764548315616e-05	3.80388392945862
hsa-miR-452-3p	0.100368175209836	5.17619046218007	2.8844430654326	0.0045429553188557	0.0154795491760779	-3.27721418071737
hsa-miR-454*	-0.228472802874419	5.47920216298326	-2.4053664597196	0.0174652759041258	0.0481189092067806	-4.48671404657425
hsa-miR-455-3p	-1.11454952641057	8.17989399077894	-5.00714014698909	1.63864824172465e-06	1.28922696187777e-05	4.22961182306138
hsa-miR-455-5p	-0.670268875721348	6.58854092453072	-4.83232748167918	3.50688393131332e-06	2.54249085020216e-05	3.49500826223806
hsa-miR-483-5p	1.37621846297919	8.53682997800292	4.96206809457806	1.99707624507792e-06	1.54133432564131e-05	4.03845739982982
hsa-miR-484	0.377106341158282	7.19520167347762	3.07502095917848	0.00253246017841656	0.00930551178612047	-2.74189684603302
hsa-miR-485-5p	-0.180912912967078	5.52454346761045	-3.01240346038685	0.00307776854504127	0.0109940147443789	-2.92110293832295
hsa-miR-486-3p	0.160289849525351	5.3812013518087	2.55394621665301	0.0117231366809556	0.0346924405495796	-4.13287038209599
hsa-miR-486-5p	1.67233695002931	6.14392517714627	10.0561089564674	3.1099091123475e-18	1.86816683106018e-16	30.7674213948051
hsa-miR-487a	-0.130575908457725	5.40752394273691	-2.65957828308758	0.00873819706391573	0.026980536872889	-3.86957938883991
hsa-miR-487b-3p	-0.41699085899802	6.70383615778726	-2.54277136343344	0.0120871867367784	0.0355741873862839	-4.1601567856845
hsa-miR-488-3p	-0.232845542026614	5.38358705542982	-2.87889947609005	0.00461894938603635	0.015706995940992	-3.29233280789502
hsa-miR-488*	-0.232845542026614	5.38358705542982	-2.87889947609005	0.00461894938603635	0.015706995940992	-3.29233280789502
hsa-miR-488*	-0.100281897708179	5.19178142751892	-3.36288727421285	0.000995464668206213	0.00409632188849627	-1.877118306733
hsa-miR-489-3p	0.270500441059808	5.3527741897925	5.99637031356453	1.6366616749997e-08	1.99122237782965e-07	8.70688979726728
hsa-miR-490-3p	0.221813521978541	5.48182575666813	4.05451509945271	8.30900160333002e-05	0.000444026709985738	0.462231240381054
hsa-miR-490-5p	0.281284031437457	5.80016835269862	3.38214302061774	0.000933180275270511	0.0038648426543675	-1.81691293139722
hsa-miR-491-5p	0.174929448246639	5.84794228389321	2.49164594510585	0.0138851283134971	0.0399739594750572	-4.28360058788004
hsa-miR-492	0.585242469269891	5.61136298908886	5.65549578749121	8.45109744541977e-08	8.84276572516084e-07	7.10633804769132
hsa-miR-493-5p	0.22067537015424	5.63723900209284	2.97306133170282	0.00347373697537823	0.0122202888210953	-3.03204159527897
hsa-miR-493*	0.107544155672607	5.3398352939464	2.40002538234117	0.017711669861901	0.0486682110806085	-4.49907149229868
hsa-miR-494-3p	1.68021429807256	10.533124517457	5.05941757910225	1.30086539284239e-06	1.04193123369567e-05	4.45282498236811
hsa-miR-495-3p	-0.560524193835335	6.23415979183418	-4.50800052203127	1.37296871134202e-05	8.71857809335449e-05	2.18210932014603
hsa-miR-496	0.126196011728743	5.14103933350384	3.43554389524092	0.000779009360092841	0.00327983415188025	-1.64842686115445
hsa-miR-497-5p	-0.404734661634487	11.3796922296196	-2.41395559631089	0.0170754097233862	0.0472382222939729	-4.46678869597326
hsa-miR-497-3p	-0.149946636967162	5.3686251234077	-3.54819256025533	0.000528708473449608	0.00232114232258986	-1.28573525012932
hsa-miR-498-5p	0.406175815360724	6.08446860137583	3.77322116983498	0.000237356882855038	0.00115230592048601	-0.532244937616225
hsa-miR-499a-3p	0.101662999313429	5.15696685124053	3.30703620702507	0.00119882884042025	0.00484136881053267	-2.05008780455396
hsa-miR-499-5p	-0.418220074163528	5.78213137448056	-4.41718478492521	1.98942856789451e-05	0.000121404765576365	1.82658421348086
hsa-miR-500a	0.363521719714686	6.21552444027042	2.84206143272887	0.00515421785882727	0.0172225367540054	-3.3921419409146
hsa-miR-500*	0.363521719714686	6.21552444027042	2.84206143272887	0.00515421785882727	0.0172225367540054	-3.3921419409146
hsa-miR-501-3p	0.683450285499905	6.35300993427544	3.79466008755932	0.000219519704226489	0.00107569451568523	-0.458480482223527
hsa-miR-501-5p	0.234400110024254	6.05208839680299	2.64137227580449	0.00919782717898595	0.028205211200913	-3.915647573618
hsa-miR-502-5p	-0.374435949886728	6.11662146427216	-4.70000023420203	6.1661272617265e-06	4.20747507270749e-05	2.9513297180732
hsa-miR-503-5p	0.259652518677101	5.58241621924803	3.5704225418118	0.000489258764189446	0.00217146315656395	-1.21300712838998
hsa-miR-504-5p	0.113277156804083	5.22906606242208	2.59842323430547	0.0103696761439473	0.0312787182678669	-4.02318973309262
hsa-miR-505-3p	-0.328265909719947	7.38698006451728	-3.06958857363451	0.00257596807461155	0.00943703414428886	-2.75757154320469
hsa-miR-508-3p	0.272520651577877	5.27369399917683	2.98190909579225	0.00338080622170195	0.0119307968841388	-3.00720405953402
hsa-miR-508-5p	0.832312625591152	5.6141164869757	5.18343780611963	7.47845128352646e-07	6.28544912374341e-06	4.98870891799923
hsa-miR-509-3-5p	0.151911713052259	5.16192564450604	3.91028183862082	0.000143272142893682	0.000729977264209534	-0.0548434612138102
hsa-miR-509-5p	0.274236447888232	5.57392742010211	3.52480723101987	0.000573430912551837	0.0024955001162023	-1.36183416980501
hsa-miR-510-5p	0.210249845167254	5.5621022626203	3.48378011559894	0.000660608138450103	0.00282830003138344	-1.49432399920005
hsa-miR-511-5p	0.113321751180066	5.16624203447491	3.59672049772537	0.000446173268898894	0.00200123583543451	-1.12648250227086
hsa-miR-512-3p	0.576323005065462	6.0618490342117	5.94396543770895	2.11380918449418e-08	2.51711649438528e-07	8.45716373814816
hsa-miR-512-5p	0.20340089515915	5.20576491546958	3.41892066421164	0.000824233248201873	0.00345510360990791	-1.70111428352187
hsa-miR-513a-3p	0.161815125439994	5.29764157794579	3.40315500634462	0.000869388550278357	0.00362519130230727	-1.75088406659891
hsa-miR-513a-5p	0.680339665488974	7.55594130116051	2.79394395214829	0.00593865508510073	0.0194429559021857	-3.52078621177165
hsa-miR-513b-5p	1.05932987963436	6.43829452292388	5.34698329324968	3.559085516139e-07	3.22064927405289e-06	5.70869671803412
hsa-miR-513c-5p	0.735466297666573	6.15657918178966	4.25725836184359	3.77545532774022e-05	0.000215264944449459	1.21385272884074
hsa-miR-515-5p	-0.0941728183463244	5.21216147240256	-2.79569621892009	0.0059082792557619	0.0193765063771709	-3.51613585314723
hsa-miR-516b*	0.116354288506491	5.29502948763574	3.02059750698151	0.00300071937931724	0.0107587743053804	-2.8978359018363
hsa-miR-516a-5p	0.807604214813842	5.96062109384597	4.15820218992881	5.56910117554034e-05	0.000305868675175799	0.843058081196005
hsa-miR-516b	0.338708204599374	5.57525157510963	4.91454894988825	2.45716671975221e-06	1.8502314147166e-05	3.83823475170107
hsa-miR-517-5p	-0.400568272011874	5.66247543703044	-6.88972467675795	1.7553584605597e-10	3.37430049218447e-09	13.1481974137623
hsa-miR-517a-3p	0.255598375757121	5.30627955287716	3.23357882923395	0.0015256018439642	0.00597740974890986	-2.27380878395389
hsa-miR-517b-3p	0.200383308979189	5.33458930380389	3.58903918063114	0.000458373047430344	0.00204980648927308	-1.15180983402577
hsa-miR-517c-3p	0.19694373238265	5.29814304369639	2.67210007192749	0.00843422110227152	0.0261620283891576	-3.83772859095996
hsa-miR-518a-3p	0.119905451788647	5.22900133251629	2.697732490742	0.00784159827183944	0.0245672983343123	-3.77210850507527
hsa-miR-518b	0.0875890032669977	5.20354809231227	2.45773140948497	0.0152058981457842	0.0430577789245942	-4.36422287396409
hsa-miR-518c-3p	0.128424899829476	5.17260219670631	3.56706280924221	0.000495037582828391	0.00219511679316592	-1.22402316777125
hsa-miR-518c-5p	1.03885281643198	6.71199386390211	5.20359468922874	6.82963331034412e-07	5.78712505188857e-06	5.07663713390753
hsa-miR-518d-3p	0.106349372695685	5.20757207403475	2.5453645023686	0.0120018175858603	0.0353656149439944	-4.15383465206324
hsa-miR-518d-5p	0.189890255854191	5.51449378318552	2.82482365665011	0.00542365226454535	0.0179799617816512	-3.43845308031209
hsa-miR-518e-3p	0.137935712589686	5.22816091955461	3.19018666739218	0.00175580036348172	0.00677546592802125	-2.4039323310938
hsa-miR-518e-5p	0.349535666247445	5.44521082595102	6.39628016522576	2.23466234899488e-09	3.31894222605685e-08	10.6537526385684
hsa-miR-518f-3p	0.128597058159318	5.24473203768001	3.2254848892692	0.00156628689590635	0.00611783932403941	-2.29819560585174
hsa-miR-518f-5p	0.243921741258189	5.49678292115542	3.8020964506859	0.000213635416784403	0.00104915261614997	-0.432815023701816
hsa-miR-519a-3p	0.299046063515465	5.26592428493725	5.36878405865315	3.22029767484637e-07	2.95179329105809e-06	5.80579021457417
hsa-miR-519b-3p	0.380492435774807	5.2638474185981	6.2443897130158	4.79818640281057e-09	6.68368491058168e-08	9.9059608454134
hsa-miR-519c-3p	0.165536923724447	5.17764053908707	4.58918987104233	9.81344932851685e-06	6.43203965730748e-05	2.50450233984998
hsa-miR-519e-3p	0.0820726261561697	5.24647128039104	2.94326152201877	0.00380428865153498	0.0132036389205713	-3.11521741373079
hsa-miR-519e-5p	0.30728692893464	5.67109034527953	4.4891012772485	1.48374838526463e-05	9.3558192465421e-05	2.10767667497096
hsa-miR-520a-3p	0.203628614234537	5.25504658984686	3.06028144821039	0.00265211775310811	0.00966862543641905	-2.78437022275446
hsa-miR-520a-5p	0.16352904260091	5.28955039573808	3.20111121648542	0.00169498365300099	0.00656525619884323	-2.37131478688677
hsa-miR-520b-3p	0.34617588780035	5.53347854382848	3.81085169800404	0.000206899386116437	0.0010190476352792	-0.402545383388422
hsa-miR-520c-3p	0.106607420960033	5.29050482311275	2.56364843537029	0.0114150675148411	0.0339671095928996	-4.10909147802661
hsa-miR-520d-3p	-0.30717844193596	5.75652893008818	-2.58530960420317	0.0107533350218733	0.0323128352064152	-4.0557068966789
hsa-miR-520d-5p	0.253616230126632	5.51338613942088	3.10777621621148	0.00228420225062686	0.00850712025586356	-2.64687236757714
hsa-miR-520e-3p	0.322359610828397	5.47744068874494	4.44357702872298	1.78709006018904e-05	0.000110105695283442	1.92934500576894
hsa-miR-520f-3p	-0.213663141292507	5.59807624483024	-2.70176215227519	0.00775194075872728	0.0243317272800173	-3.7617410650469
hsa-miR-520g-3p	0.191152687077798	5.33380839918296	3.12578168917064	0.0021575284118239	0.00807782479396283	-2.59426455552417
hsa-miR-520h	0.307673297321677	5.25157453256016	3.77319381036366	0.000237380500266589	0.00115230592048601	-0.532338855537944
hsa-miR-521	0.172762531056786	5.26118687190755	3.57445555880364	0.000482405852530236	0.00214728850534134	-1.19977210016107
hsa-miR-522-3p	0.122436301444628	5.2524789049896	3.50755602707411	0.000608678886338027	0.00263102572906023	-1.41770217326317
hsa-miR-523-3p	0.12628015568707	5.17100839121392	3.81129340851196	0.00020656494671602	0.00101777294874067	-0.40101675524004
hsa-miR-524-3p	0.0974829870138905	5.15525453667149	2.76992686970003	0.00636957714744518	0.0206328912123308	-3.58426253997305
hsa-miR-524-5p	0.124428466619975	5.37123792055539	2.54346866584078	0.0120641774204481	0.0355142356966855	-4.15845732314619
hsa-miR-525-3p	0.114715641392066	5.25020035143165	2.68470787195721	0.00813784650403805	0.0253420186434473	-3.80552265592104
hsa-miR-525-5p	0.119044789362956	5.49920727109247	2.45559423393534	0.0152927565107087	0.0431855890048469	-4.36926950082291
hsa-miR-526b-5p	0.548817096069921	5.93191771914617	4.72504864837456	5.54572030089298e-06	3.81314319718017e-05	3.05340845487624
hsa-miR-526b-3p	0.0830563464804177	5.21059569147371	2.43854039838092	0.0160018182362133	0.044821079555888	-4.40939533592059
hsa-miR-527	0.274273480453648	5.22843882348529	3.80391320861777	0.000212220766367863	0.00104296662974652	-0.426538565239616
hsa-miR-539-5p	-0.416239486073962	6.44181919525227	-2.44449756905108	0.0157508787736738	0.044228677958797	-4.39540791514246
hsa-miR-541-5p	0.0852743548180301	5.18169295672134	2.4731935231631	0.014590463991957	0.0415687663510001	-4.32759152440258
hsa-miR-542-5p	0.251196750786493	5.90917159812757	2.8378104587775	0.0052195023025967	0.0173988901728207	-3.40358595105353
hsa-miR-543	-0.13290247891354	5.42199162951158	-2.54257424007315	0.0120936984613041	0.0355855688815455	-4.16063713694474
hsa-miR-544a	0.133705966284177	5.18971160460748	3.70231400104475	0.000306649835033851	0.00144477597346481	-0.77378238806224
hsa-miR-545-3p	-0.318254838553389	6.30147764855546	-4.18577359281071	5.00116114114153e-05	0.000277851462903388	0.945586040789016
hsa-miR-545-5p	0.13381728003016	5.21412087495128	3.16527080014847	0.00190217116973706	0.0072686722682736	-2.47796333749675
hsa-miR-548a-3p	0.0961120873998924	5.16176753498945	2.55561779042666	0.0116695343163126	0.0345642205063399	-4.12877941872328
hsa-miR-548a-5p	0.201828499908844	5.35892633989453	3.87987124885692	0.000160428571778375	0.000810028841219445	-0.161953371920346
hsa-miR-548b-5p	0.104721372534903	5.23859903426195	2.78236163104664	0.00614304007334589	0.0200050211101022	-3.55145909018836
hsa-miR-548c-3p	0.468440302621111	5.91755553791687	4.16281893640418	5.46987954632418e-05	0.000300910462695577	0.860189336793813
hsa-miR-549a	0.236863525666906	5.1940861005619	3.72719040301071	0.000280405706028322	0.00134036915819435	-0.689470377155525
hsa-miR-550a	0.797908080641541	5.91294718645609	7.20602415066568	3.28506360994307e-11	7.22284574107744e-10	14.7948979251455
hsa-miR-550*	0.797908080641541	5.91294718645609	7.20602415066568	3.28506360994307e-11	7.22284574107744e-10	14.7948979251455
hsa-miR-550*	0.15360177002276	5.6432230397567	2.74936642929179	0.00676086703368558	0.0216915180746956	-3.63821311545689
hsa-miR-551a	0.269739917123375	5.25294374571963	4.10634701023418	6.80872723522578e-05	0.000368685044978664	0.651660045490073
hsa-miR-551b-3p	-0.4119441043522	6.13670223015687	-2.46395975018896	0.0149552670632828	0.0424194927494802	-4.34949260809064
hsa-miR-551b-5p	0.322961147719444	5.37975760132966	5.33604179416873	3.74198063611885e-07	3.36803287221506e-06	5.66006488899368
hsa-miR-552-3p	0.109961827550745	5.25648411225388	3.0913344878722	0.00240585536344915	0.00891086974141805	-2.69468022865173
hsa-miR-553	0.129947909604206	5.23934134812309	3.00293758284615	0.00316904469463307	0.0112721822392235	-2.94791229172364
hsa-miR-554	0.143296823995163	5.16857266011709	3.3169638215199	0.00116005525341718	0.00469888726369101	-2.01952268563758
hsa-miR-555	-0.117896832294426	5.12533021730697	-2.54578013169719	0.0119881849325176	0.0353446574171683	-4.15282079212547
hsa-miR-556-3p	0.148294884595602	5.21275715984136	3.24846910398738	0.0014533128399456	0.00573147056691325	-2.22880754359671
hsa-miR-556-5p	0.125120152813314	5.18861363736244	2.96235650089362	0.00358931240574485	0.0125546627844301	-3.06200541221807
hsa-miR-557	0.566403983510861	7.40566182636263	3.53016852445819	0.00056287392531588	0.00245352495596063	-1.34442495029883
hsa-miR-558	0.126368830465284	5.14287767212518	3.05542998664765	0.00269263128883352	0.00979244503311997	-2.79831119383968
hsa-miR-561-3p	0.877147945643035	5.23584998303729	3.08328289038647	0.00246759122009149	0.00909446931184635	-2.71801137763538
hsa-miR-562	0.173193837854645	5.20746125345319	3.85352710691052	0.000176854052650825	0.000884335983823671	-0.254196571272903
hsa-miR-563	0.11584937060499	5.23155693618541	3.5109920347824	0.000601499783394235	0.00260585353681675	-1.40659296041365
hsa-miR-564	0.695493051872145	6.10730041886506	5.86916370652107	3.03899513412824e-08	3.51187015369602e-07	8.1029741633145
hsa-miR-566	0.444055581640239	5.58956530889355	5.77750310036499	4.72513690556502e-08	5.272093051516e-07	7.67265538408243
hsa-miR-567	0.123361329160964	5.19140932256738	3.72350174781479	0.000284158110364857	0.00135589770676224	-0.702001302025852
hsa-miR-568	0.221997069055683	5.3660663268349	2.48788054278684	0.0140265376330007	0.0403120654399096	-4.29260167794111
hsa-miR-569	0.0715169937695439	5.16515946282909	2.4056463777037	0.01745244693788	0.0480934110170209	-4.48606571397935
hsa-miR-570-3p	0.175350004825026	5.53346368445855	2.41851801557548	0.0168714735374176	0.0467798367853887	-4.45617809174475
hsa-miR-571	0.304977473335783	5.4384949397549	2.70801623762356	0.00761462874242977	0.023967823241669	-3.74562308371071
hsa-miR-572	1.08468420822954	8.2095809626795	4.80057479861782	4.0191434519907e-06	2.86108670835097e-05	3.36356217528302
hsa-miR-573	0.116294637041219	5.14315150506552	2.41137706294466	0.0171916322686255	0.0474672857100577	-4.47277732117141
hsa-miR-575	1.95244598069882	8.5661231376395	7.86538922232825	9.05668157268743e-13	2.82098859356671e-11	18.3306981184443
hsa-miR-576-5p	0.22570769964339	5.2902812140935	4.46130750278519	1.66244747449817e-05	0.000103564320448368	1.99863851302614
hsa-miR-577	0.234756669351406	5.17767582096512	3.34081640006761	0.00107163219773342	0.00437126821434026	-1.94576611822658
hsa-miR-579-3p	0.091840052262949	5.14897729028732	2.70891924886518	0.00759498572182451	0.0239227827417768	-3.74329307929893
hsa-miR-580-3p	0.231412689131929	5.16741435601162	3.46689253899164	0.00069999122985659	0.00297507327509484	-1.54848125978215
hsa-miR-582-3p	0.13734561941968	5.26997761264277	3.17748174890702	0.00182907645629962	0.0070239876700821	-2.44174439301135
hsa-miR-582-5p	-0.963923993297807	7.6654000028524	-4.14959223399014	5.75876544394894e-05	0.000315256093628059	0.811148873749802
hsa-miR-583	0.622498007122947	5.64243071774091	8.43620601529133	3.69907443307176e-14	1.56033685176845e-12	21.4859920544774
hsa-miR-584-5p	0.474325372052611	5.86228262699608	3.86226069664757	0.000171239217824155	0.000859453530414706	-0.223672300844677
hsa-miR-585-3p	0.166526331978321	5.26319557560961	4.05076577601119	8.42898149945454e-05	0.000449545679970909	0.448602159962782
hsa-miR-586	0.138972407759112	5.19636691019789	3.64808261291117	0.000372139872869543	0.00170613769312865	-0.955976216821384
hsa-miR-587	0.241702063588222	5.20931436928625	3.61572882224655	0.000417287177353627	0.00188676621588387	-1.06361402846203
hsa-miR-588	-0.22202702759345	5.44806857769618	-3.53877474731687	0.000546309028846299	0.00238750707767321	-1.31643256846778
hsa-miR-589-5p	0.107741047149849	5.14926511459402	2.88892636823052	0.00448233528729509	0.0153081988898078	-3.26496832678224
hsa-miR-589*	0.107741047149849	5.14926511459402	2.88892636823052	0.00448233528729509	0.0153081988898078	-3.26496832678224
hsa-miR-589*	0.134056412205381	5.2199421600907	2.77745180935601	0.0062315965816008	0.0202444141965283	-3.56442712634585
hsa-miR-590-3p	0.149239386870113	5.22362861846829	3.89760331317339	0.00015020113275265	0.000762681676347042	-0.0995804446358788
hsa-miR-592	0.246674889941654	5.44359738652818	3.08079613497017	0.00248695260649643	0.00915078869921135	-2.72520653614204
hsa-miR-593*	0.318945130244185	5.53892044565301	2.75815649647069	0.00659098380656974	0.0212579765343247	-3.61519207067405
hsa-miR-593-3p	0.318945130244185	5.53892044565301	2.75815649647069	0.00659098380656974	0.0212579765343247	-3.61519207067405
hsa-miR-593*	0.127993954794873	5.1581899664438	3.39409394359687	0.000896379506532628	0.00372734321381429	-1.77940037401074
hsa-miR-596	0.168644719044917	5.27891365110985	3.65439910863155	0.000363882050692325	0.00167112521300885	-0.934869494660099
hsa-miR-598-3p	-0.325657663584646	6.39157002034007	-2.56706958606582	0.0113081821535456	0.0337091047979862	-4.10068711065969
hsa-miR-600	0.0864239293445079	5.130972222437	2.79449666591203	0.00592905837888005	0.0194226339301398	-3.519319640397
hsa-miR-601	0.889153584944841	6.74867349892931	5.65800368553252	8.35129592286302e-08	8.75194999517483e-07	7.1179032172325
hsa-miR-602	0.586503544276792	5.84058081979152	7.90302814286722	7.35195082122249e-13	2.33320401533891e-11	18.5362837963839
hsa-miR-603	0.304520233954177	5.1958605984356	4.39337256198932	2.19076736201366e-05	0.000132489733138228	1.73426516257729
hsa-miR-604	0.106098489009321	5.2282244748045	3.03098305991238	0.00290561919419704	0.0104537050935783	-2.86826645942084
hsa-miR-606	0.108692661048829	5.19494930992987	2.83773184819815	0.00522071664627037	0.0173988901728207	-3.40379743427148
hsa-miR-607	0.110429923710483	5.16456377875776	3.27794251851939	0.0013195401508944	0.00527345775777696	-2.13921018697186
hsa-miR-608	0.0994046982861789	5.19830045327631	2.58511164878328	0.010759222972542	0.0323160947139566	-4.0561966114754
hsa-miR-610	0.384697250095243	6.29191023125492	2.74320116597047	0.00688238440236896	0.0220445999805467	-3.65432051432194
hsa-miR-611	0.101089300443018	5.22930330929928	2.42044734818523	0.0167858861247121	0.0466097572625105	-4.45168559239098
hsa-miR-612	0.157103132684574	5.28393643826626	2.84551884227993	0.00510167154125625	0.0171021654855865	-3.38282303435753
hsa-miR-614	0.158560452226062	5.35771838119335	3.17513668779754	0.00184290836719082	0.00707306759524236	-2.448709446228
hsa-miR-615-3p	0.507836440333218	6.50423359936471	2.44250806449726	0.0158342926954148	0.0444073035659654	-4.4000827500299
hsa-miR-615-5p	0.0935892207089282	5.12724882551924	2.84988406979559	0.00503602718919668	0.0168989480942221	-3.3710428463875
hsa-miR-616-3p	-0.146334259733235	5.32248926456967	-3.06281458911051	0.00263118851497552	0.00960273193857082	-2.77708340760734
hsa-miR-616*	-0.146334259733235	5.32248926456967	-3.06281458911051	0.00263118851497552	0.00960273193857082	-2.77708340760734
hsa-miR-617	0.130068707020349	5.42763531767863	2.61013663746521	0.0100374409928543	0.0304266289704544	-3.99401843371278
hsa-miR-618	0.211899926239102	5.25598171125659	3.27545784972756	0.00133035807369179	0.00531195793459843	-2.14679020191129
hsa-miR-619-3p	0.28041227154733	5.33180548209798	3.55148742691227	0.000522677965093728	0.0022976656969295	-1.27497958081501
hsa-miR-620	0.188300428316484	5.217924862171	4.07883490406205	7.56946989443612e-05	0.000406443682759507	0.550876686208152
hsa-miR-622	1.02425940469265	6.56403300645528	6.47194554412452	1.52191440719931e-09	2.32186851057527e-08	11.0299281154675
hsa-miR-623	0.752058053929239	7.19387594282904	5.17406134733983	7.8003507216855e-07	6.52745766859453e-06	4.94788557345491
hsa-miR-624*	0.132929285501832	5.18605869321744	3.12295573087229	0.00217696942833002	0.00814381446416702	-2.60253882508992
hsa-miR-624-3p	0.132929285501832	5.18605869321744	3.12295573087229	0.00217696942833002	0.00814381446416702	-2.60253882508992
hsa-miR-624*	0.132870021938913	5.38455743456084	2.44010217498219	0.0159356887657629	0.044663742560322	-4.40573131828834
hsa-miR-625-5p	0.244694447761232	5.95377929031943	2.53881157302607	0.0122185974335898	0.0358981325472456	-4.16979951809374
hsa-miR-625-3p	0.256635102672798	5.65979857159738	2.58061662359004	0.0108937043061253	0.0326268176443346	-4.06730752358271
hsa-miR-626	0.237125107674669	5.23490585105265	3.7421051310088	0.00026570639778453	0.00127827861587009	-0.638699319107928
hsa-miR-627-5p	0.202734507012599	5.7598189251471	2.63286347379492	0.00942002841104546	0.028801613792099	-3.93707997297408
hsa-miR-628-3p	-0.170426761018823	5.54998519293961	-3.41305376705325	0.000840773735184354	0.00351895843876848	-1.71965790563665
hsa-miR-628-5p	-0.247277827277374	5.53628875142156	-3.92902957408909	0.000133581338813719	0.000685011621599619	0.0115224577145767
hsa-miR-629-5p	0.311590630076973	6.20669721333003	3.35363362241951	0.00102676110673969	0.00420965796840016	-1.90594706015809
hsa-miR-629*	0.311590630076973	6.20669721333003	3.35363362241951	0.00102676110673969	0.00420965796840016	-1.90594706015809
hsa-miR-629*	0.839330067160436	6.63143419107679	5.19544566366012	7.08505292975296e-07	5.98095810682283e-06	5.0410617873411
hsa-miR-630	1.29478749267504	8.34538095468763	4.25849681526034	3.75700267474461e-05	0.000214485481507694	1.21853123709713
hsa-miR-632	0.214130241020464	5.43097817498666	3.69257758880751	0.000317541242326421	0.00149035052554737	-0.806655277998488
hsa-miR-633	0.11338474112767	5.1884917273167	2.95296591398543	0.0036935983993772	0.0128625931837525	-3.08821209920205
hsa-miR-634	0.138131613059823	5.47338882428327	2.97091982562202	0.00349658029772666	0.0122749763856535	-3.03804348683394
hsa-miR-635	0.144986295149047	5.21142563384784	3.02274636347053	0.00298080999961005	0.0106930896706886	-2.89172503987835
hsa-miR-636	0.26397825055905	6.02678101871661	3.1027226194475	0.00232097392241901	0.00862292084498513	-2.6615902887878
hsa-miR-637	0.345092840036832	5.30728990025545	4.87368538481488	2.93374238219696e-06	2.16490792447744e-05	3.66714086475477
hsa-miR-638	1.1330756375678	10.9019129960975	4.17977499370735	5.11979243126451e-05	0.000283622589358153	0.923234632529296
hsa-miR-639	0.113209101654238	5.32233571897855	2.41772500379459	0.016906764572781	0.0468487281901443	-4.45802368457957
hsa-miR-641	0.140474434593709	5.29237147448926	2.95524527171219	0.00366803246279126	0.0127934278951061	-3.08185774684724
hsa-miR-642a	-0.0851295920714179	5.21405329904441	-2.42551270413529	0.0165630118853921	0.0460955300785597	-4.43987511535229
hsa-miR-643	0.703095089139914	5.17372960846377	3.27182143953824	0.00134633970586257	0.00536780654284052	-2.15787497285127
hsa-miR-644a	0.186306487551743	5.16052776827814	4.26088931628432	3.72159975900013e-05	0.000212735116215403	1.2275723572449
hsa-miR-645	0.3420698837392	5.76572382798961	2.40770353937926	0.017358420766676	0.0478539049039935	-4.48129888537385
hsa-miR-646	0.0801765667451999	5.16350628522752	2.47551813300949	0.0144998830799596	0.0413632450124943	-4.3220660874834
hsa-miR-648	0.442598566923782	5.91801132267924	4.47532988834239	1.56984484160885e-05	9.82961013898959e-05	2.05358662364805
hsa-miR-649	0.102619164786204	5.21476066434255	2.63358091542963	0.00940110780315615	0.0287568325981517	-3.93527526042856
hsa-miR-651-5p	0.0847160855651286	5.17799018930087	2.46717848475093	0.0148271910198479	0.042109472849952	-4.34186678730068
hsa-miR-653-5p	0.0978135081161069	5.13628677327726	2.84393665939395	0.00512565680002284	0.0171526580206683	-3.38708881227464
hsa-miR-654-3p	-0.336554690297898	6.85896758028445	-2.91973959945642	0.0040853421674731	0.0140774300142172	-3.18034821216777
hsa-miR-654-5p	0.199419431706413	5.6552438564738	3.21558247564992	0.00161743558132808	0.0062938790097709	-2.32795973784639
hsa-miR-655-3p	0.113935556114362	5.15896589956658	3.21193665728807	0.00163665546081994	0.00636498146843732	-2.33889828139113
hsa-miR-656-3p	0.141282490648655	5.31252778995479	2.56098157649273	0.0114990146476745	0.0341644383084806	-4.11563578670363
hsa-miR-657	0.0950158180264991	5.23956738796025	3.06833286861893	0.00258612281297503	0.00946907988337197	-2.76119133283188
hsa-miR-658	0.376475922554733	5.52632710143267	4.64799461631506	7.67572619747394e-06	5.13853590612982e-05	2.740653830542
hsa-miR-659-3p	0.604943237836986	6.03827787231416	4.84115991430662	3.37602872700648e-06	2.45909519973776e-05	3.53168152139187
hsa-miR-660-5p	-0.448209369103651	8.43877054537631	-2.49546078778114	0.0137431609982149	0.0396500802727229	-4.27446861724634
hsa-miR-662	0.606789713000202	5.76071418567005	5.33411769477525	3.77507756933274e-07	3.38875542181063e-06	5.65151961035375
hsa-miR-663a	1.89493772817704	8.15249474453612	7.97442501939197	4.94528436778209e-13	1.63340626202709e-11	18.927271673231
hsa-miR-665	0.666087105835969	6.1193817946668	5.53538765428795	1.48747297132885e-07	1.46098075198548e-06	6.55624976901831
hsa-miR-668-3p	0.0923923559698316	5.2400988647635	2.79167440571171	0.00597820946422316	0.0195534240521601	-3.52680551092341
hsa-miR-671-3p	0.157840952974031	5.32196594711227	3.97589032188138	0.000112014548845781	0.000583082309194902	0.178515328190491
hsa-miR-671-5p	1.67630202973917	7.23729270517311	7.98452434180711	4.67506879349664e-13	1.56877121409703e-11	18.9826838928224
hsa-miR-675-5p	0.129302670915082	5.21056023827411	3.52105473198814	0.000580930560427569	0.00252487132464902	-1.37400614512652
hsa-miR-7-5p	0.743242160900335	6.96419979109007	3.46647790869658	0.000700985365425	0.00297835777617897	-1.54980816773508
hsa-miR-708-5p	0.763756258989736	5.65869622515077	9.84029660438365	1.10624715616929e-17	6.22831034870875e-16	29.5108416815748
hsa-miR-708-3p	0.125786265831947	5.2277573699117	3.45496350470164	0.000729128384223746	0.00308378019309592	-1.58660344791599
hsa-miR-758-3p	0.20299180386466	5.43908992885731	2.59884075326188	0.0103576658094034	0.0312565039541001	-4.02215198102592
hsa-miR-760	0.627456537310023	6.34614106788245	5.5813137771919	1.19928774134556e-07	1.20787120114018e-06	6.76570661642029
hsa-miR-765	0.732830162843024	7.86802942422498	3.31518846835552	0.00116690197559402	0.0047199277937502	-2.02499438153367
hsa-miR-767-3p	0.122125817795195	5.22999210702123	3.31793215057798	0.00115633668633168	0.00468523530601598	-2.01653721059896
hsa-miR-767-5p	0.261199476709325	5.22499509075852	4.94849398533099	2.11919598850971e-06	1.62576403770733e-05	3.98112492220043
hsa-miR-768-3p	0.511069992992846	11.2759280252075	3.15548876188483	0.00196267268581706	0.00747304008498993	-2.50689078698561
hsa-miR-769-3p	0.677571361030265	6.00007192469039	4.74052927171788	5.19296428151859e-06	3.59817339712226e-05	3.11669212128112
hsa-miR-769-5p	0.763808238455907	6.80214518321011	6.20820936853074	5.74804830079246e-09	7.86833549699525e-08	9.72931675571184
hsa-miR-801	1.58085664908544	8.63741626038265	5.39993206189685	2.79025549854852e-07	2.58223369934449e-06	5.94496242668176
hsa-miR-802	0.140893951880944	5.1654402953844	3.03929355785543	0.00283153136795538	0.0102229906324678	-2.84454102135001
hsa-miR-873-5p	-0.342718158928457	5.53353043906887	-3.49239363214173	0.000641332053981017	0.00275447306682687	-1.46661599126821
hsa-miR-874-3p	0.508805640880038	8.11778994004493	2.61404596927867	0.00992870946490726	0.0301625211975195	-3.9842560770538
hsa-miR-875-5p	0.158362583709784	5.22190230568161	3.84598352966437	0.000181844254763037	0.000905587080714815	-0.280516808122996
hsa-miR-876-3p	0.164107348090433	5.35226984049755	3.02931321584277	0.00292071990566348	0.0104999217340657	-2.87302679100566
hsa-miR-877-5p	0.685014009951549	6.23763761794878	4.88789187824785	2.75869271697661e-06	2.05383457183658e-05	3.72650841622591
hsa-miR-886-3p	-1.6158919082874	9.6134938524568	-6.58487694244238	8.54294259597631e-10	1.37669264157434e-08	11.5957588816301
hsa-miR-887-3p	0.358547282426544	6.34039828434322	3.68205325654562	0.000329725218673318	0.00153841280945498	-0.842108426322847
hsa-miR-888-5p	0.192776558409864	5.31823109624655	2.70952609429599	0.00758181094374173	0.0238868761552303	-3.74172686720444
hsa-miR-888-3p	0.168857285588931	5.15430549533413	2.87222205117693	0.0047120306639857	0.0159670321366385	-3.31050938572849
hsa-miR-890	0.132329372482867	5.33690722426777	2.60666797571579	0.010134812202984	0.030666524174354	-4.00266926112745
hsa-miR-891a-5p	0.262241360396138	5.38089578175576	3.15348542123285	0.00197528150968491	0.0075125460696213	-2.51280549882493
hsa-miR-892a	0.191153807817586	5.22604562298354	3.19586037742873	0.00172396629028772	0.0066640880212903	-2.38700428631688
hsa-miR-920	0.0880218569477051	5.22405693084072	2.63265033060818	0.00942565610472103	0.028812273635876	-3.93761604538676
hsa-miR-921	0.36319424644239	5.65758705340203	3.56106156874971	0.000505520254104875	0.00223318468129849	-1.24367881656654
hsa-miR-923	0.886266892250108	15.1677435276686	3.46417631473062	0.000706527921601738	0.00299717519327648	-1.55717134697393
hsa-miR-92a	0.701223587591857	11.0841199674304	4.28898428414203	3.32910006090333e-05	0.000191929607624316	1.33403324483297
hsa-miR-92a-1-5p	0.182325765901206	5.3393226577688	4.19027136235267	4.9139432795281e-05	0.000273570627924411	0.962361518983658
hsa-miR-92b-3p	-0.225375101207971	5.78245832728577	-3.48111350341486	0.000666685243734925	0.0028488144298816	-1.50289033046279
hsa-miR-93-5p	1.16397324484943	10.0785763133963	8.51237205983483	2.40143260934003e-14	1.05600252259083e-12	21.9126197094771
hsa-miR-93-3p	0.324449011899849	5.64729361180287	4.98421220959148	1.81237652310056e-06	1.41375875332413e-05	4.1322220357807
hsa-miR-933	0.567402194490022	6.14980628448903	3.91148165609996	0.000142632421582071	0.000727544300533869	-0.0506037935291728
hsa-miR-934	0.259299756409697	5.48927506554863	3.56409998846788	0.000500187023056864	0.00221544324629795	-1.23373063264523
hsa-miR-935	0.112808432840255	5.13364766858932	2.84715075244403	0.0050770398990663	0.0170238347574972	-3.37842097305764
hsa-miR-936	0.775972185058381	5.99873747225464	7.46654260183722	8.06790824800912e-12	1.98105425885421e-10	16.1763020883261
hsa-miR-938	0.160536630902308	5.327696856391	3.17314861178912	0.00185471068450846	0.0071102526982182	-2.45461073677894
hsa-miR-939-5p	1.43642066913576	8.43291214912936	8.02602024297337	3.71030108362657e-13	1.27687497138821e-11	19.210631341848
hsa-miR-940	0.921709715870508	10.2548492326531	3.83315920876444	0.000190636198234126	0.000945870458494986	-0.32516640506492
hsa-miR-941	0.0793819518960026	5.11822179429824	2.4379627824885	0.0160263376212715	0.0448617430896253	-4.41074991047856
hsa-miR-942-5p	0.141525546790683	5.30674002286586	2.61620904326514	0.00986900399703333	0.0300174768951357	-3.9788487730232
hsa-miR-943	0.218404315723991	5.23698447848089	2.95123171360753	0.00371315926473613	0.0129240225210267	-3.09304377507464
hsa-miR-944	0.818505612032547	5.30786655192471	3.24628017541143	0.00146373571898748	0.00576581611085935	-2.2354340405028
hsa-miR-95-3p	0.280661270866935	5.93088201081037	2.41408896406756	0.0170694174190414	0.0472313552931568	-4.46647879023156
hsa-miR-96-5p	0.64925465677679	9.29463234267548	2.71746111087707	0.00741143519017803	0.0234379017436041	-3.72121828288506
hsa-miR-96-3p	0.13400671310994	5.27010833356084	3.94745976099828	0.000124665306823989	0.000643458522678785	0.0770117057293689
hsa-miR-98-5p	-0.629725536983428	8.26985192724375	-2.72199580955334	0.00731563485845031	0.0232115670017597	-3.70947383553824
hsa-miR-99a-5p	-2.11161137845416	12.6651085991201	-9.61301292295897	4.18921061777524e-17	2.18488442142572e-15	28.1927027376081
hsa-miR-99a-3p	-0.482960005951321	6.37675606387057	-3.86439228081541	0.000169894775201975	0.000853660976518959	-0.216213864408028
hsa-miR-99b-5p	-0.498983900970973	9.02876877337335	-3.41696535641016	0.000829711628049629	0.00347482093589661	-1.70729745522335
hsa-miR-99b-3p	0.210266167876592	5.58279256638566	2.61399427253951	0.00993014037641285	0.0301625211975195	-3.98438526020158
