SystematicName	logFC	AveExpr	t	P.Value	adj.P.Val	B
hsa-miR-923	-0.74392600486809	15.1677435276686	-3.53449820726302	0.000554482109584203	0.00265331126122512	-1.22287343779554
hsa-miR-145-5p	2.82854816160833	14.9307853718346	15.4650433326786	4.57931619620923e-32	2.67909907548658e-29	62.3379615230664
hsa-miR-125b-5p	1.276270908242	14.5407068724218	9.60944903932542	4.27740897495383e-17	2.56950067709727e-15	28.2361548834697
hsa-let-7b-5p	-0.414902214525351	13.9564260195961	-4.88485379325163	2.79525438213581e-06	2.57622897027531e-05	3.81508419042811
hsa-miR-29c-3p	0.174311870297497	13.7984087844968	2.42074340022435	0.0167727870651784	0.047888288583114	-4.33990410393533
hsa-miR-29a-3p	0.294801907835224	13.7974199729368	4.11921970001458	6.47842864747026e-05	0.000398599615365157	0.804035304209443
hsa-miR-141-3p	-0.804553684927119	13.7607182634524	-4.93732678484698	2.2250688510975e-06	2.1174346860232e-05	4.03504211196575
hsa-miR-26a-5p	0.54486451096843	13.6643287429662	6.90199414298656	1.64590431995345e-10	3.95487295165958e-09	13.2997571428908
hsa-miR-23b-3p	1.45285557997282	13.3924669074608	10.7482305454339	5.19152473945513e-20	3.81733097782012e-18	34.8738618373294
hsa-miR-29b-3p	0.355232173256063	13.2088225273457	2.83251398861141	0.00530189922796073	0.0183777320998041	-3.30791077301724
hsa-miR-23a-3p	0.614166353553951	13.0700914301541	5.16070453570335	8.28229772536806e-07	8.76152501513778e-06	4.98959184906555
hsa-miR-19b-3p	-0.517442763413481	13.0621523088036	-3.77322070111374	0.000237357287448715	0.00127806308919964	-0.425721292260441
hsa-miR-22-3p	0.393017848948287	13.0241594942253	2.67047110893695	0.00847321703967211	0.0274141881427814	-3.73148112135231
hsa-miR-200c-3p	-0.841299781551308	12.7997626459388	-5.36195770885829	3.32284658131991e-07	3.8188017630733e-06	5.87397983440929
hsa-miR-143-3p	2.96818397357307	12.7958915710459	15.9142396746001	3.533826248876e-33	2.73083730153553e-30	64.8705550683413
hsa-miR-27b-3p	1.34525981594963	12.711164877605	12.1756674934766	1.06806002042481e-23	1.08058764171701e-21	43.2736276886271
hsa-miR-24-3p	0.75566176764662	12.6849131511552	8.31821274926745	7.20685169404231e-14	2.88617251175694e-12	20.9041606238652
hsa-miR-99a-5p	1.21801421145351	12.6651085991201	6.74000861283982	3.83450096237797e-10	8.25552719196126e-09	12.4708651097315
hsa-miR-148a-3p	-0.521202300365452	12.498293928623	-2.93890560918672	0.00385495694391097	0.0140195407127746	-3.01773584968278
hsa-miR-27a-3p	0.591479067411784	12.0776695493505	4.96474395484586	1.97382235803268e-06	1.90529079266053e-05	4.15062566225751
hsa-miR-199b-3p	0.883449992979318	11.9507426593015	4.4501998605492	1.73951436114682e-05	0.000126592240365558	2.05869582283614
hsa-miR-195-5p	0.517261432788133	11.6434023301717	2.92684010870349	0.00399855636234036	0.0144519404812388	-3.05111975485385
hsa-miR-100-5p	1.39262292269952	11.6119225428996	9.92732657140329	6.63482240204318e-18	4.33389175931519e-16	30.0777439603251
hsa-let-7c-5p	0.603309477751811	11.6010394997808	4.76481720692345	4.68286883124259e-06	4.04534347390915e-05	3.31819285814788
hsa-miR-103a	-0.251019189043102	11.5116896435793	-3.30162648880738	0.00122046325615029	0.00532335610202864	-1.95836658212053
hsa-miR-26b-5p	0.478424622209005	11.5067784348267	2.47818754477462	0.0143964850867914	0.0425143283702235	-4.20477683271947
hsa-miR-30d-5p	-0.523912555854524	11.4162957325817	-3.65958738845732	0.00035722904076372	0.00182770873479719	-0.810524657268267
hsa-miR-199a-5p	0.775714903135277	11.3960175016245	5.67193655070779	7.81749103384343e-08	1.05614617822688e-06	7.27897093424922
hsa-miR-34a-5p	0.341129390571819	11.3132597403129	3.03651500597957	0.00285610581967404	0.0109409827969497	-2.74322008731535
hsa-miR-768-3p	-0.535029489137758	11.2759280252075	-4.01537895300505	9.64588649036179e-05	0.000571281023830582	0.425956655063283
hsa-miR-130a-3p	1.34481065939718	11.2110362755882	10.9723126645828	1.37249547809728e-20	1.04933517916346e-18	36.1899109355865
hsa-miR-20a-5p	-0.459783887904353	11.146193123451	-2.98686429672455	0.00332976515077514	0.0123874260074178	-2.88384268005349
hsa-miR-30c-5p	0.755019023373904	11.1081016947734	7.08701042538175	6.1955144023202e-11	1.64640858664565e-09	14.258151139567
hsa-miR-101-3p	0.536025407878054	11.0977020269903	5.64113282302751	9.0455554529879e-08	1.20631312364128e-06	7.13711277879309
hsa-miR-17-5p	-0.518048507874518	11.0848210698386	-3.89324901202825	0.000152653524975468	0.000864522656595078	-0.00889416727834291
hsa-miR-92a-3p	-0.50528611736993	11.0841199674304	-3.75662520546359	0.000252099662620479	0.00134988183852812	-0.482519269243103
hsa-miR-205-5p	4.24735334073203	11.0305133794747	8.87013592968261	3.11086619506769e-15	1.52773049346098e-13	24.0034053878001
hsa-miR-30e-5p	0.250733437067188	11.0303298801907	3.56123369038103	0.000505216708929976	0.00245510871627366	-1.13574284143235
hsa-miR-1225-5p	-1.24058852379074	10.9783596610893	-5.45305140383303	2.18266142528687e-07	2.62700287465654e-06	6.28159753002771
hsa-miR-106b-5p	-0.826764287372048	10.9432193543444	-8.01361431944801	3.97592160773792e-13	1.44204854861783e-11	19.2217708079447
hsa-miR-638	-0.633079971186751	10.9019129960975	-2.83867150876492	0.00520621803442532	0.0181254514543925	-3.2913757827011
hsa-miR-365a-3p	0.673493723352442	10.7586452203282	5.95630527208032	1.99044955136045e-08	3.08565543353758e-07	8.61080856720969
hsa-miR-15b-5p	-0.726302210712801	10.6030893166708	-5.80886703656451	4.06456997894612e-08	5.89362646947188e-07	7.91533842120363
hsa-miR-451a	-1.33833116225463	10.570275854392	-5.15512181261793	8.49221655979995e-07	8.9694871294088e-06	4.96538336156084
hsa-miR-1-3p	2.90660514049867	10.5656313364936	13.3048108967156	1.32472068448402e-26	2.22818019130212e-24	49.8972857937031
hsa-miR-494-3p	-1.10814020179201	10.533124517457	-4.05595495766568	8.26336050688902e-05	0.000495727949089161	0.572786902926871
hsa-miR-133b	2.80455974266052	10.5050740892646	14.3138484900705	3.55362716484939e-29	9.56352142604269e-27	55.7563796055885
hsa-let-7e-5p	0.890861868535447	10.3668930063485	4.36242385889356	2.48189610668559e-05	0.000171263559033648	1.71875608810949
hsa-miR-940	-0.56686477255392	10.2548492326531	-2.86552844990939	0.0048070569975839	0.0169373550561637	-3.21888252227582
hsa-miR-25-3p	-1.12542013276475	10.2401766385167	-11.1017725910324	6.35878742199807e-21	5.09308592561941e-19	36.9510751748733
hsa-miR-199b-5p	0.892240167417866	10.1723245497625	4.43191672528539	1.87391410758398e-05	0.000134769579004009	1.9874681093256
hsa-miR-221-3p	2.25949891289405	10.1572576084864	13.3099621617804	1.28505880851085e-26	2.21689119581051e-24	49.9273692556962
hsa-miR-19a-3p	-0.638647841797678	10.1394603829746	-4.52991156878486	1.25450562328343e-05	9.54246900333624e-05	2.37179696973775
hsa-miR-93-5p	-1.09921304451912	10.0785763133963	-9.77129301427427	1.65829945426809e-17	1.0142762480287e-15	29.1724244483051
hsa-miR-214-3p	0.840058245603265	9.94226837448708	6.05399290215345	1.23361874593407e-08	1.9999486560589e-07	9.07728549350607
hsa-miR-193a-3p	0.368520175968023	9.92866093401211	3.17638043273381	0.00183556031505554	0.00755099345747092	-2.33622998099531
hsa-miR-320a	0.319839242335088	9.86785010044755	2.4090933694375	0.0172951505695493	0.049066642116674	-4.36695375337634
hsa-miR-222-3p	2.16742195386206	9.80523293492831	10.095420088567	2.46702250593006e-18	1.63528348964507e-16	31.0556649997847
hsa-miR-497-5p	0.497146623165172	9.80226275885106	3.47707430069885	0.000675990569386957	0.00316387099188553	-1.40816007528001
hsa-miR-193b-3p	0.392840740111257	9.67570203295741	2.73730475169936	0.00700045477951275	0.023258794941512	-3.5594936229326
hsa-miR-886-3p	1.48962718256778	9.6134938524568	7.37862619211628	1.29876575978666e-11	3.89224767565464e-10	15.7923624038289
hsa-miR-28-5p	0.746338348953324	9.39930464905852	5.58674254259798	1.16906425530833e-07	1.50535202099797e-06	6.88781844761618
hsa-miR-96-5p	-1.44724950545303	9.29463234267548	-7.36299045672363	1.41319063646603e-11	4.22575404539708e-10	15.7094033683801
hsa-miR-125a-5p	0.790443433231977	9.27759831239534	4.90536453995241	2.55725386948711e-06	2.38961167137629e-05	3.90086481197378
hsa-miR-145-3p	2.02348750194579	9.19547241534005	14.4665670021314	1.46001200431546e-29	4.56881896048112e-27	56.6364218815638
hsa-miR-181a-5p	-0.425555724444425	9.18575215884713	-2.95210853333911	0.00370325733520217	0.0135705421303051	-2.98106591920219
hsa-miR-148b-3p	-0.392219858119796	9.16328094406348	-4.0679148690445	7.89339843750886e-05	0.000476080544039082	0.616287725386582
hsa-miR-374a-5p	0.601622756395624	9.11195636734252	3.26661190393832	0.00136954719015616	0.00588398052067092	-2.06526759445419
hsa-miR-29c-5p	0.336163140930599	9.0738305974996	2.69004727477045	0.00801519686350763	0.0261397210361994	-3.68150087494775
hsa-miR-99b-5p	0.75543452439781	9.02876877337335	6.28801304268729	3.85640804719854e-09	6.83686781068557e-08	10.2124570420571
hsa-miR-151a-5p	0.320802074954581	8.93265833182052	2.4502337456067	0.0155125610567912	0.0451173917150657	-4.27089628959018
hsa-miR-374b-5p	0.690839694849492	8.8497958264386	4.54346787468197	1.18621616555342e-05	9.09499984255662e-05	2.4254563641008
hsa-miR-801	-1.39032015717853	8.63741626038265	-5.77262290575755	4.83696169465065e-08	6.85120179858011e-07	7.74599099245082
hsa-miR-575	-1.43979568801615	8.5661231376395	-7.05025173006793	7.52968529244183e-11	1.95220511165891e-09	14.0667808662194
hsa-miR-188-5p	-0.876185297428014	8.56019817427944	-4.27502540720821	3.51886585436207e-05	0.000231993429379206	1.38539607390017
hsa-miR-483-5p	-1.19815413208991	8.53682997800292	-5.25110367774675	5.50971985746794e-07	6.02754393512915e-06	5.38404804642341
hsa-miR-324-5p	0.299181770839856	8.52482266364459	2.93715557703749	0.00387548736653833	0.0140865904927444	-3.02258551576092
hsa-miR-939-5p	-0.85631079810895	8.43291214912936	-5.81584185900829	3.93046401193292e-08	5.73004590948747e-07	7.94800172206221
hsa-miR-425-5p	-0.7585616479932	8.35205991054639	-6.2337881955899	5.05926011168185e-09	8.78418116939239e-08	9.94725885588755
hsa-miR-630	-1.09892640687531	8.34538095468763	-4.39328122099014	2.19157616828283e-05	0.000153753122629894	1.83767794180289
hsa-miR-361-5p	0.282586656090336	8.34364142460468	3.33457142388277	0.00109415310415941	0.00483670307804499	-1.85689571248431
hsa-miR-376a-3p	0.722984225229792	8.32992105696229	5.62763052480439	9.64159669702862e-08	1.27694217672458e-06	7.07508415577287
hsa-miR-338-3p	0.917654117617311	8.32244284636455	4.73139931885636	5.39828942650463e-06	4.59452134870628e-05	3.18143704679159
hsa-miR-134-5p	-0.654736329009226	8.32187679469622	-2.91942470946526	0.0040892306208952	0.0147361240585875	-3.07157711786331
hsa-miR-152-3p	0.934302826287666	8.28549905996179	8.02431671789408	3.74570430282502e-13	1.36525926779112e-11	19.2805054608281
hsa-miR-143-5p	2.09929844373548	8.25286622497865	13.7079390465918	1.23346949333524e-27	2.51478265186651e-25	52.2466395423288
hsa-miR-423-5p	-0.239698401780017	8.21643715014071	-2.40226896226528	0.0176077966859163	0.049718691828409	-4.38274326885561
hsa-miR-572	-0.703590149211376	8.2095809626795	-3.7850553723084	0.000227347593540042	0.00123056686189654	-0.385092747946946
hsa-miR-376c-3p	0.803535671309975	8.19755365503493	6.36168448842191	2.66168765210967e-09	4.87951894370405e-08	10.5748010481596
hsa-miR-135a-5p	0.986043235266771	8.18914034597718	4.55311372752114	1.13982404482313e-05	8.81756807749291e-05	2.46370949872143
hsa-miR-455-3p	0.828086493842824	8.17989399077894	4.52198003152974	1.29620237946603e-05	9.82630941864504e-05	2.34045706918921
hsa-miR-663a	-1.7531095851831	8.15249474453612	-8.96759660403033	1.77592874002826e-15	9.19111427916162e-14	24.5566131537432
hsa-miR-877-3p	0.71518424303072	8.10408702272088	2.58464841437652	0.0107730126571695	0.0333859185432686	-3.94669796133039
hsa-miR-136-5p	0.566453484408199	8.04756783855819	4.27070964746324	3.57960888834496e-05	0.000235651747561496	1.36906842292367
hsa-miR-378a-5p	0.77948563343523	7.99875584294187	6.61204594523615	7.42948990007116e-10	1.49657509124787e-08	11.8231290210705
hsa-miR-1224-5p	-0.840619355721691	7.9965388142547	-5.29994714890132	4.41270324643193e-07	4.95223810542018e-06	5.59908136756383
hsa-miR-328-3p	0.692509035628782	7.97688984195372	2.60446942038065	0.0101969687083717	0.0319282006383598	-3.89755863115073
hsa-miR-210-3p	-0.631693743009553	7.93617124820019	-3.52214582118571	0.000578740474357389	0.00275372412409937	-1.26294457930089
hsa-miR-30e-3p	0.356780412558417	7.91028582741715	3.10427237118178	0.00230963956139862	0.00917690160844197	-2.54804620223476
hsa-miR-150-3p	-1.19577467164298	7.8995635881175	-6.96990818880961	1.1514034720703e-10	2.87444992953208e-09	13.650145416333
hsa-miR-765	-0.666613220113061	7.86802942422498	-3.66556877488144	0.000349701722532814	0.00179397116980616	-0.79051043651157
hsa-miR-17-3p	-0.542244101578169	7.86582833067001	-4.17327937686005	5.25129153996628e-05	0.000330347727731586	1.00385232706055
hsa-miR-185-5p	-0.379361031264076	7.83690563407173	-4.00208358125927	0.000101450480398131	0.000596121250758628	0.37809954289888
hsa-miR-181d-5p	0.302141351179051	7.83425338576164	2.57633904849367	0.0110230801721332	0.0340120538399966	-3.96719674261466
hsa-miR-218-5p	0.682754005272085	7.78408590501833	4.47213118275051	1.59052085657722e-05	0.000116951085497831	2.14442618307798
hsa-miR-377-3p	0.554515089238295	7.7784000523027	4.46105000533039	1.66419620958949e-05	0.000121637285150658	2.10106998514795
hsa-miR-186-5p	0.289642661474265	7.76992945167156	2.51488524321639	0.0130401957723112	0.0391409489877804	-4.11693390021598
hsa-miR-133a-3p	2.02280102511176	7.76485670060903	14.4692019615655	1.43779982371368e-29	4.56881896048112e-27	56.6515885564724
hsa-miR-204-5p	1.43250272104482	7.65744984535539	6.97007428818337	1.15039550934137e-10	2.87444992953208e-09	13.6510044000628
hsa-miR-135a-3p	-1.47305341586846	7.65124509894785	-6.67317591107132	5.42078086945893e-10	1.12564857067036e-08	12.1317690421349
hsa-miR-125b-2-3p	0.573056682045779	7.63815615911176	4.7582262232632	4.81628375726276e-06	4.15169213566481e-05	3.2911657627501
hsa-miR-181b-5p	-0.27184954379434	7.61320707282708	-3.00754592763241	0.00312430096015075	0.0117793762173686	-2.82551460761515
hsa-miR-127-3p	0.382019215261257	7.582082016002	3.25331410182846	0.00143048811927415	0.00610874266358393	-2.10561040839328
hsa-miR-513a-5p	-0.584249901104194	7.55594130116051	-2.91644041877163	0.00412625137032227	0.0148496492214647	-3.0797971311025
hsa-miR-130b-3p	-0.968860098699984	7.5522118139747	-7.48784858466057	7.18628901726393e-12	2.23839594945147e-10	16.3739792969837
hsa-miR-181c-5p	0.605302786975319	7.52757729688173	5.49624265773944	1.78570035230544e-07	2.17862745138633e-06	6.4764189803835
hsa-miR-595	0.59411315237903	7.50579006645938	2.42048947044999	0.0167840218376787	0.0479086318657063	-4.34049497013184
hsa-miR-183-5p	-1.44281503347205	7.47120883984715	-7.55584515609297	4.96294508109801e-12	1.59764088543672e-10	16.7378923608253
hsa-miR-885-5p	0.692554356434183	7.45858070155588	2.40444346638666	0.0175076369902096	0.049544219419613	-4.37771662895933
hsa-miR-151a-3p	-0.240676354069489	7.4525667389448	-2.58924087551475	0.0106370021580305	0.0330328873848276	-3.93534287183112
hsa-miR-155-5p	-0.378383990990519	7.44549931148591	-2.51111137295751	0.0131742009707635	0.0394551632011114	-4.12602179938411
hsa-miR-34b-5p	0.435243201653909	7.44401465752252	3.3211539320951	0.00114404443514015	0.00502149400752234	-1.89832550039108
hsa-miR-125a-3p	-1.21538051603143	7.4287737298936	-6.26846755386034	4.25346226498296e-09	7.49143825099617e-08	10.116717813798
hsa-miR-505-3p	0.248819212951906	7.41878727407071	2.75693752679374	0.0066143084642473	0.0221453432930858	-3.5082457427838
hsa-miR-557	-0.404704625218906	7.40566182636263	-3.06598390351272	0.00260521801383349	0.0101434645816387	-2.6587975153741
hsa-miR-874-3p	-0.485605488922132	7.37938572849018	-2.66505884701819	0.00860395480042874	0.0277304948010944	-3.74524114832903
hsa-miR-106a-5p	-0.257763958874846	7.37232428911433	-2.47214926587257	0.0146313184750623	0.0430619031934466	-4.21911742041653
hsa-miR-202-3p	-0.513215112048873	7.34548070245743	-3.6212962050603	0.000409166772717836	0.00204750765849431	-0.938010903656527
hsa-miR-32-5p	-0.915461856740435	7.30574368371203	-5.42421941653079	2.49433438050207e-07	2.97287541399786e-06	6.15209942687595
hsa-miR-671-5p	-1.19015534975403	7.23729270517311	-6.89069448378311	1.74645145957367e-10	4.15198778092285e-09	13.24162080965
hsa-miR-31-5p	1.49909589478005	7.21931878571248	8.49074716931071	2.71512791267825e-14	1.15983368866662e-12	21.8664274047429
hsa-miR-1226-5p	-0.305868646695032	7.21297129231679	-2.48063812487712	0.0143021426048659	0.0422873282555649	-4.19894770153081
hsa-miR-623	-0.544206874714388	7.19387594282904	-4.55099956738373	1.14983993067533e-05	8.87679065241957e-05	2.45532010817188
hsa-miR-24-1-5p	0.994787035943494	7.15427592910671	8.44569476720666	3.50547059640083e-14	1.46035951533033e-12	21.614546972098
hsa-miR-139-5p	0.708056246702629	7.15393996843801	6.52567743214812	1.15700518739954e-09	2.24332302617409e-08	11.3895909115356
hsa-miR-532-3p	-0.288924972893041	7.13344053875219	-2.6287161483152	0.0095300774546637	0.0301520625981553	-3.83698454690241
hsa-miR-182-5p	-0.994870850716111	7.1246379481946	-7.09255899249218	6.01555458630389e-11	1.60287727749119e-09	14.2870781330666
hsa-miR-424-3p	-0.891588538982347	7.11792319521963	-3.24958571839355	0.00144802259883064	0.00616991516461844	-2.11689621163303
hsa-miR-371a-5p	-0.89870299425499	7.1067626347019	-6.27581870703312	4.09962110407778e-09	7.23943590242397e-08	10.1527063229813
hsa-miR-18b-5p	-0.374662021901142	7.10272790049052	-2.43467670046232	0.0161664657171263	0.0465118586037313	-4.30739559494928
hsa-miR-362-5p	-0.273550947167971	7.09235421931688	-3.23008925728047	0.00154302039011896	0.00650670083655302	-2.17573080388649
hsa-miR-144-3p	-1.15696655613035	7.07415452625563	-5.79586354127064	4.32666698967732e-08	6.24004619647353e-07	7.85450638125056
hsa-miR-885-3p	0.582953949177161	7.06315599351534	2.4417821688775	0.0158648249420463	0.0458597388657734	-4.29075150215073
hsa-miR-181c-3p	0.438409970913636	7.02544917060009	2.55988103280576	0.0115338185798819	0.0353448104784538	-4.00762067755891
hsa-let-7b-3p	0.570801950761852	7.0065119429774	2.47628256868436	0.0144702057214682	0.0426998000412446	-4.20930450673006
hsa-miR-22-5p	0.704417472392542	6.98406143665589	6.6042112246551	7.7350047161986e-10	1.54654121041855e-08	11.7836786522029
hsa-miR-7-5p	-0.85422971084969	6.96419979109007	-4.84278663704735	3.35244997417836e-06	3.00336663465672e-05	3.63994582304744
hsa-miR-381-3p	0.460017408742086	6.95310838353703	5.29412307272905	4.5313831736693e-07	5.06430996552277e-06	5.57337138591223
hsa-miR-485-3p	0.526542584375945	6.90432226415377	2.47093566143316	0.0146789263672347	0.0431925723152221	-4.22199579956573
hsa-let-7d-3p	0.636760155858756	6.89983031055107	2.72158603646019	0.00732424536841086	0.0242090507681986	-3.60028751513785
hsa-miR-192-5p	-0.576339347058383	6.89413539778624	-4.38696724139912	2.24818682395553e-05	0.000157151178717639	1.81329273455613
hsa-miR-30b-3p	-0.334734782097083	6.86797733120145	-3.7741321169587	0.000236571800512832	0.00127485388374075	-0.422596071768807
hsa-miR-654-3p	0.243272812022158	6.85896758028445	2.56533810024785	0.0113621653592836	0.0349142034881297	-3.99424321738319
hsa-miR-200b-5p	-0.469354495955635	6.82105848471511	-3.18116105316933	0.00180756894041186	0.00746093486569998	-2.32203814131806
hsa-miR-937-3p	0.649885922717715	6.81291614707259	2.57679112175413	0.0110093422423198	0.0339852510237795	-3.96608304371547
hsa-miR-769-5p	-0.519284249790789	6.80214518321011	-5.13038231908597	9.48646237934139e-07	9.94932484617442e-06	4.85831917800774
hsa-miR-153-3p	-0.882604664588094	6.79275714824547	-4.70257329138822	6.09942600048275e-06	5.0914315299315e-05	3.06403118295286
hsa-miR-194-5p	-0.523349759592211	6.76854513754489	-3.94069857122655	0.000127868252023358	0.000735655676505507	0.158779503112966
hsa-miR-139-3p	-0.413286423321874	6.76169594710542	-3.95092940199619	0.000123051473181682	0.000710940585286696	0.195145240978536
hsa-miR-601	-0.629251902441397	6.74867349892931	-4.86713668440446	3.01801639102414e-06	2.74952122935821e-05	3.7411916740941
hsa-miR-1224-3p	0.600671967784555	6.74835447879534	2.42948010859026	0.0163902857273884	0.0469850201848611	-4.31954007347426
hsa-miR-487b-3p	0.431497886620486	6.74539981242802	3.30184448787054	0.00121958443750462	0.00532124779217322	-1.95769796877291
hsa-miR-224-5p	0.948037923895473	6.72905798072143	6.0487025359923	1.26613387787759e-08	2.04281744133344e-07	9.05190934504273
hsa-miR-518c-5p	-0.936716842620237	6.71199386390211	-5.7032227318719	6.73760055718753e-08	9.24170775713715e-07	7.42354318825828
hsa-miR-500a	-0.232546246796433	6.70223369517665	-2.4486370398165	0.0155785742555282	0.0451973469560991	-4.27465223770107
hsa-miR-1228-3p	-0.459652535370229	6.67020689804829	-4.53231811836394	1.24211207013386e-05	9.46960907406303e-05	2.38131403692487
hsa-miR-629-3p	-0.596291659556599	6.63143419107679	-4.48653772920773	1.49942274074531e-05	0.000111409345110265	2.20091345222875
hsa-miR-29a-5p	0.479600851866788	6.60290929042534	6.15461068853604	7.50395509155688e-09	1.26216524639987e-07	9.56235167601225
hsa-miR-455-5p	0.575514478823534	6.58854092453072	5.04343145304266	1.39623489386008e-06	1.40311700760128e-05	4.48482221882549
hsa-miR-622	-0.779388645995192	6.56403300645528	-5.98606643173499	1.72126089952938e-08	2.71846087606425e-07	8.75245121300446
hsa-miR-30c-2-3p	-0.409148377221519	6.53861790347182	-5.50847406658524	1.68673576458749e-07	2.08226756406323e-06	6.53177032198962
hsa-miR-18a-5p	-0.542044997470948	6.52509913450372	-5.00309571475549	1.66807108845783e-06	1.64975161618214e-05	4.31305512765789
hsa-miR-647	0.512601243501364	6.47363739510761	2.47344789681456	0.0145805275400747	0.0429593997327009	-4.21603594536104
hsa-miR-28-3p	0.318174332842022	6.46211877531038	2.61943663145804	0.00978051672049434	0.0308212255248178	-3.86022705095256
hsa-miR-136-3p	0.341298741430935	6.4507195430124	3.37379691034746	0.0009597145726271	0.00431759254071222	-1.73496274609074
hsa-miR-539-5p	0.364174060489072	6.44181919525227	2.59966809885229	0.0103339033727459	0.0322628779080437	-3.90949310981255
hsa-miR-513b-5p	-0.693962792430405	6.43829452292388	-4.25771271170308	3.76867554968459e-05	0.000247131082829219	1.31997412558537
hsa-miR-23a-5p	-0.201059957201766	6.41259680312102	-2.51016230729317	0.0132080941355371	0.039536270783297	-4.12830529397055
hsa-miR-193b-5p	-0.428586838444923	6.39965511560242	-3.73208896805825	0.000275494983868312	0.00146408392690838	-0.566120021814635
hsa-miR-30c-1-3p	-0.318961781443142	6.38384530824135	-4.44471771861734	1.77880745163402e-05	0.000128963540243466	2.03731529830113
hsa-miR-99a-3p	0.442720253157216	6.37675606387057	4.305880682667	3.11252601559504e-05	0.000208992764799635	1.50249765280829
hsa-let-7f-1-3p	0.428426634819552	6.37324335601313	2.50606323184471	0.0133553776558405	0.0398735215746593	-4.1381587975149
hsa-miR-338-5p	0.370396415613506	6.3593072487575	2.53219678157948	0.0124409736940047	0.0376192678711297	-4.07508621932137
hsa-miR-501-3p	-0.859366525227272	6.35300993427544	-5.79971891860979	4.24727793914143e-08	6.13870805038529e-07	7.87253367564211
hsa-miR-760	-0.494517834006031	6.34614106788245	-5.34684152391919	3.56139856837757e-07	4.050902716491e-06	5.80677417831083
hsa-miR-452-5p	0.509044535175395	6.34092023107374	5.58134822248215	1.19909358696246e-07	1.53666698153971e-06	6.86317701507492
hsa-miR-221-5p	0.64737069155023	6.32917720670073	5.68817118454563	7.23753888374572e-08	9.83720436562449e-07	7.35392886729183
hsa-miR-16-2-3p	-0.237250300511879	6.32382509964185	-3.37535547159769	0.000954706506182274	0.0042979360144492	-1.73009292311308
hsa-miR-214-5p	0.299910964147617	6.31819445330472	3.31984582175377	0.00114902055056745	0.00504115439466438	-1.90235699200112
hsa-miR-345-5p	-1.02436704659681	6.31305364849406	-5.40746557273977	2.69497861198724e-07	3.16712945003496e-06	6.07705492343737
hsa-miR-141-5p	-0.552499996593236	6.31160621027109	-4.75988312235325	4.78240261443798e-06	4.12512881922291e-05	3.29795753879884
hsa-miR-7-1-3p	-0.359703528678383	6.30819384160572	-3.19624428865649	0.0017218317365655	0.00713989764167193	-2.27714093787425
hsa-miR-545-3p	0.303534987276552	6.30147764855546	4.85257257833908	3.21393867196727e-06	2.90052037357422e-05	3.68059179759513
hsa-miR-148a-5p	-0.441411855785579	6.29522420304369	-4.71941489902251	5.67976267809785e-06	4.79767021949056e-05	3.13256252439972
hsa-miR-342-5p	-0.230018521729115	6.2814880900787	-2.5423588376693	0.0121008176043235	0.0368057417910888	-4.05039927552422
hsa-miR-200a-5p	-0.3400197065819	6.26856343902637	-3.37307018909567	0.000962058116082587	0.00432668917446768	-1.73723278015347
hsa-miR-370-3p	-0.648632598755684	6.26816078010075	-3.58796201109826	0.000460108794589447	0.00226701718784167	-1.04808948259719
hsa-miR-30d-3p	-0.385078086784007	6.2469087422075	-4.47569054216421	1.56752993325187e-05	0.000115576344010067	2.158369602792
hsa-let-7a*	-0.324483349492785	6.23866664120769	-2.92328596240502	0.00404178311815097	0.0145924962806116	-3.06093054360283
hsa-miR-326	0.235955879915768	6.2382555263089	3.59643074349028	0.000446627854948306	0.0022062497856771	-1.02020340455462
hsa-miR-877-5p	-0.658759806315489	6.23763761794878	-5.7136257923641	6.41198820036708e-08	8.85828677865908e-07	7.47172460738086
hsa-miR-154-5p	0.222255829148557	6.23658240617153	2.86232158194598	0.00485320180310586	0.0170695335394068	-3.22757052448422
hsa-miR-495-3p	0.261188681242522	6.23415979183418	2.5533274304592	0.0117430352170178	0.0358715736390902	-4.02365192345587
hsa-miR-501-5p	-0.232386145378801	6.22894503625174	-2.67758342190627	0.00830414384540499	0.0269514133101229	-3.71336062456821
hsa-miR-378a-5p	0.299624737479432	6.22296708582734	3.38043334475479	0.000938559154538734	0.0042309051870932	-1.71421355569458
hsa-miR-629-5p	-0.377029756769127	6.20669721333003	-4.93252638344173	2.27214160092054e-06	2.15461151388209e-05	4.0148510111657
hsa-miR-215-5p	-0.370147003794131	6.19233205408478	-4.27473410062554	3.52293457783437e-05	0.000232115517111689	1.38429358642787
hsa-miR-19b-1-5p	-0.364019665483269	6.17758362881807	-4.93773244304224	2.22113462326604e-06	2.11518665892908e-05	4.0367489931099
hsa-miR-299-3p	0.220114991755611	6.17235687860846	3.03157842207646	0.00290025266380282	0.0110837261698753	-2.75729265191891
hsa-miR-23b-5p	0.273826773708814	6.1720951701337	3.43227025193439	0.00078772704633753	0.00362381372154455	-1.55095555711802
hsa-miR-198	-0.703151347012203	6.17086373645287	-5.97178912762809	1.84561512686203e-08	2.89110560501228e-07	8.68444903339243
hsa-miR-520d-3p	0.403748416047085	6.16747919790403	2.54395785370401	0.0120480588165006	0.0366618451910519	-4.04650654136296
hsa-miR-548d-5p	0.394172779559156	6.16630117935144	2.68636763411593	0.00809954000337732	0.0263764303691784	-3.69092054232255
hsa-miR-33b-3p	-0.373035027861029	6.15688524216393	-4.05611524242606	8.25829458700387e-05	0.000495645013214648	0.573369226724041
hsa-miR-513c-5p	-0.409732762382576	6.15657918178966	-2.88290602635933	0.00456391023967815	0.0161994133962303	-3.17165322851789
hsa-miR-34a-3p	0.264743539488406	6.15623453030794	3.09483986039812	0.00237942692567834	0.00938931633780871	-2.5754413935374
hsa-miR-486-5p	-1.01024320618283	6.14392517714627	-7.38405098210628	1.26124915605575e-11	3.79672676597007e-10	15.8211627883811
hsa-miR-551b-3p	0.35436462677337	6.13670223015687	2.5763700638724	0.0110221371627009	0.0340120538399966	-3.96712034077616
hsa-miR-101-5p	0.17506827630821	6.12812576440499	3.09736484650107	0.00236055674755562	0.00933127250150072	-2.56811509727266
hsa-miR-382-5p	0.272200902222483	6.12745689511228	2.46175381453387	0.0150436110164131	0.0440465593826817	-4.24373098795479
hsa-miR-122-5p	0.431019746061314	6.12404176710261	2.77051704692468	0.00635865580616402	0.021426820608215	-3.47260679894252
hsa-miR-665	-0.4974959286986	6.1193817946668	-5.0253823315827	1.51208625071354e-06	1.50827521049677e-05	4.40784322965259
hsa-miR-502-5p	0.294512681147577	6.11662146427216	4.49352232078077	1.45708696807858e-05	0.000108804451955968	2.22834847261559
hsa-miR-564	-0.449216481528841	6.10730041886506	-4.6078854367432	9.07810805526448e-06	7.28413965364573e-05	2.6820555974495
hsa-miR-149-3p	-0.440867649092119	6.10443971836031	-4.56335826348467	1.09247057442523e-05	8.5317957338746e-05	2.50440258386108
hsa-miR-29b-2-5p	0.256846800194144	6.10370751515226	3.11004264230086	0.00226788680747331	0.00903930239376802	-2.53125162537137
hsa-miR-498-5p	-0.279087930038736	6.08446860137583	-3.15138758221713	0.00198856562034528	0.00808158833807493	-2.41012353170114
hsa-miR-187-5p	-0.353342581095547	6.07744134759707	-3.60570604250201	0.000432290866139087	0.00214487680485529	-0.989598881842991
hsa-miR-383-5p	0.325769815975102	6.06394303927963	3.07256047116618	0.00255208133701212	0.00996830376511905	-2.63985973640189
hsa-miR-512-3p	-0.4355663606653	6.0618490342117	-5.46043465723581	2.10917533977967e-07	2.54310603692431e-06	6.3148306758253
hsa-miR-31-3p	0.843925774607298	6.05724623002473	6.16836886896915	7.00847761775003e-09	1.18923171279249e-07	9.62903416844499
hsa-miR-659-3p	-0.575171806567673	6.03827787231416	-5.59493384009272	1.12486583793683e-07	1.45961376232189e-06	6.92526533978842
hsa-miR-1225-3p	-0.208143891065929	6.0336257881772	-3.09005055550141	0.00241560321942771	0.00950810542541585	-2.58932335644814
hsa-miR-296-5p	-0.355034042399303	6.03141073192429	-5.26300722687065	5.22011400278562e-07	5.75281359717308e-06	5.43633116274018
hsa-miR-636	-0.227871976617362	6.02678101871661	-3.25557937388011	0.00141993143512501	0.00607136872927934	-2.09874801335609
hsa-miR-625-5p	-0.268970236327972	6.00706265973507	-2.89226972245813	0.00443761201360634	0.0158053221956291	-3.14609928121899
hsa-miR-1238-3p	-0.182593907859842	6.00647163616305	-2.43398354202468	0.0161961626459929	0.0465873374443097	-4.30901688917754
hsa-miR-196a-5p	-0.252199302067493	6.00637207590496	-2.64811052331576	0.00902522958391174	0.0288190529855521	-3.78816713083801
hsa-miR-769-3p	-0.390844366693936	6.00007192469039	-3.32382546947999	0.00113394426038248	0.0049831332356978	-1.89008782816988
hsa-miR-936	-0.617924204388359	5.99873747225464	-7.22721814673309	2.9327283457312e-11	8.36076114833879e-10	14.9923080523432
hsa-miR-605-5p	0.333224295349178	5.97942194883605	2.54194726706036	0.0121144306318855	0.0368388200186784	-4.05140086522085
hsa-miR-27b-5p	0.325914093011682	5.97558279506121	2.85684862330436	0.00493289070900645	0.0172991861820148	-3.24237781950953
hsa-miR-10b-3p	-0.41853485333115	5.9720780345077	-4.54774768185315	1.16541175610972e-05	8.96614098925811e-05	2.44242163694657
hsa-miR-516a-5p	-0.690463835632957	5.96062109384597	-4.32126127621333	2.92719800110586e-05	0.00019783212608177	1.56111030295407
hsa-miR-185-3p	0.425326978963174	5.95092299642698	2.84171552562487	0.00515950212750219	0.0180000675726392	-3.2831897764936
hsa-miR-95-3p	-0.318747615159254	5.9365709836683	-3.27698041950657	0.00132371923384366	0.00571445813622082	-2.03371376905752
hsa-miR-526b-5p	-0.474369406428731	5.93191771914617	-4.96429851057355	1.97767505591132e-06	1.90764125823245e-05	4.14874421159399
hsa-miR-200c-5p	-0.306897664138448	5.92301627543881	-2.84865754803179	0.00505439323612468	0.01767920857429	-3.26449200163707
hsa-miR-887-3p	-0.303727648221777	5.92278700394531	-3.57400930118023	0.000483159658368213	0.00236242600399806	-1.09391424893712
hsa-miR-648	-0.382874745627322	5.91801132267924	-4.70580942310656	6.01652615117112e-06	5.03159576694584e-05	3.07718577389537
hsa-miR-548c-3p	-0.511111246728899	5.91755553791687	-5.52091765226794	1.59155945713117e-07	1.97753711483382e-06	6.58816271561182
hsa-miR-550a	-0.626714453552869	5.91294718645609	-6.87978908251093	1.84923341439478e-10	4.35022461959723e-09	13.1855571145968
hsa-miR-542-5p	-0.186128554481455	5.90917159812757	-2.55590634031686	0.0116603036602289	0.035699896712637	-4.017347926627
hsa-miR-135b-5p	0.616743379958127	5.89620356714156	4.9572943549495	2.03922340811618e-06	1.95998501282938e-05	4.11917582956079
hsa-miR-505-5p	-0.182133840746303	5.87606398899574	-2.87916827027563	0.00461523795545887	0.0163643325240196	-3.18183320634409
hsa-miR-584-5p	-0.346720619753471	5.86228262699608	-3.4316853619891	0.00078929420819582	0.0036297822506777	-1.55280934774138
hsa-miR-491-5p	-0.174900822628936	5.84794228389321	-3.02815303638421	0.00293125421103727	0.0111865841375484	-2.76704550542915
hsa-miR-602	-0.481469150097892	5.84058081979152	-7.8859481277072	8.08201039323515e-13	2.81739719822208e-11	18.5233818983175
hsa-miR-1236-3p	0.336456503339885	5.8380869151563	2.59984093086534	0.0103289456097887	0.0322548832966622	-3.90906385385474
hsa-miR-337-3p	0.257622471706189	5.82933425121918	3.72936259769911	0.000278217976711476	0.00147680516553437	-0.575381773915503
hsa-miR-300	0.327251188535318	5.82474093527678	2.6554963961386	0.0088394058572146	0.0283265170789902	-3.76949092383138
hsa-let-7e-3p	0.186571130425849	5.82156604715897	2.70425237919898	0.00769699992036454	0.0252427080010785	-3.64502769426164
hsa-miR-33a-5p	-0.18279562017589	5.81381392735345	-2.42041659670958	0.0167872472686389	0.0479086318657063	-4.34066452865866
hsa-miR-490-5p	-0.191039204357291	5.80016835269862	-2.79210634035294	0.00597066313296143	0.0203189790382218	-3.41562394407445
hsa-miR-92b-3p	0.161586849654609	5.78905055652147	2.80759071362984	0.00570579960560636	0.0195560976803462	-3.37451104476002
hsa-miR-615-3p	0.323171403300337	5.78647512412913	2.58580054380458	0.010738745094962	0.0332950585248408	-3.94385098393229
hsa-miR-330-3p	-0.214440100577967	5.78390559969753	-3.76540189107724	0.000244198148146104	0.00131122517216838	-0.452506529713329
hsa-miR-499a-5p	0.259302858987009	5.78213137448056	3.32897521227885	0.0011147095079961	0.00491143783221856	-1.87419268956679
hsa-miR-449a	-0.386812824405756	5.78139903646313	-2.45336142813764	0.0153839727536247	0.0448260583310468	-4.26353250171795
hsa-miR-662	-0.344722116997045	5.76071418567005	-3.68346116959066	0.000328070037551095	0.0016972358420944	-0.730480419538217
hsa-miR-627-5p	-0.229075507947233	5.7598189251471	-3.61611210456632	0.000416723293711004	0.00207759490188043	-0.955185586016873
hsa-miR-191-3p	-0.204889106129923	5.74880163953132	-3.46036945732739	0.000715785790051732	0.00332124606584004	-1.46158245853226
hsa-miR-33b-5p	-0.310743857359537	5.73937159007771	-4.19169069867178	4.88672424531276e-05	0.000311196220752146	1.07236721663699
hsa-miR-183-3p	-0.58854089176014	5.73673181413794	-8.86004926752968	3.29639484273592e-15	1.60131007234132e-13	23.946244826431
hsa-miR-138-2-3p	0.254830566750453	5.72862781360054	3.57066067312226	0.000488851595121465	0.00238678775905458	-1.1048900332871
hsa-miR-422a	-0.41138234217026	5.71537799181868	-4.94162179230065	2.18375530034467e-06	2.08994390621891e-05	4.05311913050446
hsa-miR-34c-3p	-0.574465131982814	5.68127611930823	-5.23827417595927	5.83938241214296e-07	6.35717878137505e-06	5.32778655174936
hsa-miR-1237-3p	-0.112146474396801	5.67133289216073	-2.69535627838222	0.00789490660065239	0.0257911782516093	-3.66788966375559
hsa-miR-519e-5p	-0.207457032355155	5.67109034527953	-3.68388480079769	0.000327573545251609	0.00169597138318802	-0.729056199458897
hsa-miR-130a-5p	0.285986401143054	5.66355251012953	2.63690171217162	0.00931397624708328	0.0296119363733004	-3.81642032427628
hsa-miR-517-5p	0.442352053860675	5.66247543703044	9.24817271108727	3.50762718014793e-16	1.98313577042313e-14	26.1578182610782
hsa-miR-708-5p	-0.403013159052852	5.65869622515077	-6.31153793570454	3.42663717160766e-09	6.13965776047306e-08	10.3279079639004
hsa-miR-921	-0.352934016034325	5.65758705340203	-4.20626474300032	4.61546351668958e-05	0.000296023246332579	1.12676802142799
hsa-miR-654-5p	-0.256606702669972	5.6552438564738	-5.0294759798715	1.48501828884467e-06	1.48347483999213e-05	4.42528579688148
hsa-miR-301b-3p	-0.221476609791317	5.65122300949425	-3.06109336929982	0.00264539283519357	0.0102685408685704	-2.67285724658047
hsa-miR-449b-5p	0.242016312580565	5.64831096754796	2.54164279465021	0.0121245101271065	0.0368528141563914	-4.05214172788725
hsa-miR-93-3p	-0.220645179143868	5.64729361180287	-4.12009353181886	6.45657166766162e-05	0.000397436543275639	0.807249014330764
hsa-miR-583	-0.485100988196617	5.64243071774091	-7.99105158307796	4.50827496725317e-13	1.62085292146612e-11	19.0980407463685
hsa-miR-493-3p	-0.272072360232767	5.63723900209284	-4.45550558280694	1.70228255368099e-05	0.000124175496564275	2.0794071291663
hsa-miR-652-3p	0.145153623278552	5.63338596938936	2.76461720773505	0.00646860336323555	0.0217277900288811	-3.48810997606669
hsa-miR-508-5p	-0.493586752763472	5.6141164869757	-3.73643531341454	0.000271206160076902	0.00144300122182475	-0.551343611529716
hsa-miR-492	-0.38807144287966	5.61136298908886	-4.55836500641965	1.11530883849524e-05	8.67491082704733e-05	2.48456004669668
hsa-miR-520f-3p	0.199988688820448	5.60805552208314	3.18347811471675	0.00179414527120651	0.00741007328709477	-2.315153032806
hsa-miR-431-3p	-0.343407786566982	5.59764543016946	-3.79785038537717	0.000216976673168432	0.00118012858292418	-0.34105102532619
hsa-miR-411-5p	0.183587310607978	5.59601815381458	3.08703116697892	0.00243867115809322	0.009580951563008	-2.5980655286573
hsa-miR-184	-0.177894255240968	5.5940719513803	-3.0065401237422	0.00313401664313687	0.0118060828527575	-2.82835943649868
hsa-miR-566	-0.370929077962062	5.58956530889355	-5.86619232222293	3.0829764283863e-08	4.60427645065105e-07	8.18449825879412
hsa-miR-503-5p	-0.154368568354711	5.58241621924803	-2.58017115572282	0.0109071136264226	0.0337393381510674	-3.95775058068859
hsa-miR-516b-5p	-0.316092052755055	5.57525157510963	-5.57486157872107	1.23620365845295e-07	1.57934801907972e-06	6.83356577079925
hsa-miR-1227-3p	0.310392098908613	5.5679424973696	3.12729665783005	0.00214717263289264	0.00862200983234957	-2.48087147865224
hsa-miR-510-5p	-0.131244490703354	5.5621022626203	-2.64337450295011	0.00914623253221473	0.0291500959150832	-3.80011807586308
hsa-miR-550*	-0.154956743993614	5.5602721758471	-2.4336746604794	0.0162094116330269	0.0466055219944466	-4.30973922508564
hsa-miR-297	0.23278018055174	5.55781592596368	2.56242246311799	0.0114535900306996	0.0351389665875728	-4.00139383712705
hsa-miR-485-5p	0.127598345098083	5.55336069553953	2.49781882991406	0.0136560570639175	0.04064496877949	-4.15793242708278
hsa-miR-628-3p	0.11232059329185	5.54998519293961	2.73418119374813	0.00706374344538561	0.0234343520219696	-3.56761681238601
hsa-miR-593-3p	0.182486204051218	5.54407163953529	2.56886392690649	0.0112524822589868	0.034632525452179	-3.98558622472586
hsa-miR-371a-3p	-0.219010185338172	5.54297900807809	-3.29983043163074	0.00122772622511279	0.0053515659491797	-1.96387373805752
hsa-miR-302a-3p	0.201030444890605	5.54173153953078	2.45542334349785	0.0152997208077406	0.0446297146109177	-4.25867323570678
hsa-miR-106b-3p	-0.157044476691287	5.54065617013971	-2.40205897046707	0.0176174959326771	0.0497191747630251	-4.38322846973134
hsa-miR-873-5p	0.367729800565221	5.53353043906887	4.55488546727519	1.13149526052662e-05	8.78050762724691e-05	2.47074232044737
hsa-miR-520b-3p	-0.275794807271462	5.53347854382848	-3.69040374079076	0.000320022452273721	0.00166456208650761	-0.707122985962187
hsa-miR-658	-0.239255822793046	5.52632710143267	-3.59048808229496	0.000456048030895058	0.00225030520855295	-1.03977727547422
hsa-miR-1226-3p	0.288275677876146	5.52137070931868	3.26876032150646	0.00135993157738916	0.00585014044288635	-2.05873649426378
hsa-miR-518d-5p	-0.179194642287782	5.51449378318552	-3.24023303844043	0.00149289296873376	0.00632903837028402	-2.14515782453936
hsa-miR-520d-5p	-0.177802964530859	5.51338613942088	-2.64834315284255	0.009019323413307	0.028813868910128	-3.78757961172666
hsa-miR-181a-3p	-0.161022048298266	5.50653456028314	-3.14423539370136	0.00203448077567255	0.00823337543381951	-2.43117654576926
hsa-miR-525-5p	-0.125045113178893	5.50215573670205	-2.82229709884304	0.00546420602670095	0.0188432486661425	-3.33527593879383
hsa-miR-454-5p	0.217834494344546	5.49756418898447	2.75987369999363	0.00655825240776885	0.0219959731801938	-3.50055315881836
hsa-miR-518f-5p	-0.192820417321466	5.49678292115542	-3.65332408438117	0.000365275137589627	0.00185827684363176	-0.831453325700415
hsa-miR-920	-0.139310701803895	5.49507570332205	-2.48976294110547	0.0139556845380795	0.041376616683323	-4.17719638395489
hsa-miR-298	-0.336559190000728	5.49355651238554	-4.36841051376389	2.42282416511816e-05	0.0001675309453537	1.74177852838172
hsa-miR-182-3p	-0.346437319469959	5.49128633435379	-6.32653316168074	3.17766307025535e-09	5.70876292034126e-08	10.401623097177
hsa-let-7f-2-3p	-0.103293663804049	5.49005921142378	-2.56565896089829	0.0113521443405312	0.034891378311144	-3.99345585271078
hsa-miR-934	-0.233919619165474	5.48927506554863	-3.90820181567804	0.000144387650243903	0.000822557248806925	0.0437692831348206
hsa-miR-490-3p	-0.167396209094919	5.48182575666813	-3.71928181268925	0.000288509287971806	0.00152421710991308	-0.609579110066074
hsa-miR-124-3p	0.156894972563521	5.48105700813731	3.06306992509269	0.00262908737396088	0.0102169994510752	-2.66717723321006
hsa-miR-570-3p	-0.125834814553765	5.47953417146912	-2.8104364572596	0.005658303862216	0.0194031948955093	-3.36693316732978
hsa-miR-220c	-0.192731747227266	5.47909481312232	-3.41976895641783	0.000821867069006344	0.00376285923121788	-1.59051996351801
hsa-miR-216a-5p	-0.19910811987992	5.47749259837163	-3.06348576507342	0.00262566877538229	0.0102109961320125	-2.66598182926939
hsa-miR-520e-3p	-0.242629410548438	5.47744068874494	-4.06535145308172	7.97133619830248e-05	0.000480350648832773	0.606955528006633
hsa-miR-634	-0.0959894076750749	5.47338882428327	-2.50947991238105	0.0132325120521077	0.0395857452585952	-4.1299466795919
hsa-miR-92a-2-5p	-0.124686892641295	5.4624988336985	-2.9129758005956	0.00416961613075646	0.0149776707569298	-3.08933084264283
hsa-miR-15a-3p	0.144793434272741	5.46092722456322	2.45028912129425	0.0155102761100052	0.0451173917150657	-4.27076598847809
hsa-miR-15b-3p	-0.145994499709221	5.46083346912088	-2.84053286474819	0.00517760651372445	0.0180478144860528	-3.28637112987094
hsa-miR-933	-0.134521995144092	5.46020224554548	-3.34123589187057	0.00107013504925171	0.00474406640240437	-1.83626465418182
hsa-miR-588	0.177241670207395	5.45858909868864	3.56206622326613	0.000503750918039773	0.00244887006977716	-1.1330208449998
hsa-miR-323b-5p	0.181023511181924	5.44576299807781	2.65000302392096	0.00897728252123071	0.0286931861296153	-3.78338615902351
hsa-miR-518e-5p	-0.24377633991775	5.44521082595102	-5.42238183264901	2.51560850243638e-07	2.98501128825255e-06	6.14386107354232
hsa-miR-876-5p	0.137974513514756	5.44089397056102	2.54048368766717	0.0121629508908833	0.0369446201326696	-4.05496140479258
hsa-miR-127-5p	-0.150353210983701	5.44043570997934	-2.60153189548533	0.0102805522914989	0.0321112143998164	-3.90486270702623
hsa-miR-146b-3p	0.23624096219596	5.43941379028703	2.53112551055227	0.0124773266272736	0.0377122432831522	-4.07768343376807
hsa-miR-26a-1-3p	-0.192393058980902	5.43680052175999	-5.42062394271932	2.53612572336871e-07	3.00670552719378e-06	6.1359817066359
hsa-miR-346	0.149200912562512	5.43277910026422	2.44883405704174	0.0155704154102166	0.0451931643140369	-4.27418891342613
hsa-miR-632	-0.133746320593419	5.43097817498666	-2.80347075681176	0.00577520621920787	0.0197637779465059	-3.38546985779353
hsa-miR-617	-0.123811210480297	5.42763531767863	-3.02004179052634	0.00300588806748403	0.0114225444326645	-2.79010153896766
hsa-miR-144-5p	-0.310575370573722	5.42711656790572	-3.34046904441315	0.00107287337725806	0.00475356739031426	-1.83864035369996
hsa-miR-592	-0.13820950176717	5.42512477629275	-2.52720246522159	0.012611265761285	0.03802090886568	-4.08718600102614
hsa-miR-129-2-3p	0.144338948828555	5.42505418030623	3.22072622835956	0.00159067584737385	0.00668670234372464	-2.20387742577304
hsa-miR-431-5p	-0.111782319441136	5.42177745903771	-3.00209880980529	0.00317725180795882	0.0119288784397025	-2.84091131830643
hsa-miR-329-3p	0.114379217765772	5.41707902148903	2.6121959312871	0.0099800322965437	0.0313544979178828	-3.87831119104098
hsa-miR-543	0.110694937188596	5.41498128873477	2.44287669577478	0.0158188075237873	0.0457693544110415	-4.2881836881
hsa-miR-302c-5p	-0.162436721008287	5.40222229400539	-4.60283313952041	9.27140472036741e-06	7.41712377629393e-05	2.66183426066109
hsa-miR-614	-0.103572243820556	5.39161306420753	-2.58204227448475	0.0108508893326769	0.0335885822085347	-3.95313362963172
hsa-miR-16-1-3p	0.13870126455733	5.38852542313229	2.59897748787648	0.0103537352272742	0.0322948217937416	-3.91120809425926
hsa-miR-487a-3p	0.130791743550732	5.3883674948875	3.28885127646334	0.00127300860522214	0.0055251568564119	-1.9974828463063
hsa-miR-488-3p	0.219181356665451	5.38648713338692	3.13485307227131	0.00209620413356508	0.00845012666903886	-2.45873121903061
hsa-miR-613	0.146143559043242	5.38496793626906	2.77450114021296	0.00628537389927979	0.0212289134509812	-3.46212094674656
hsa-let-7c*	-0.102877323836599	5.38468519914912	-2.88926808551622	0.0044777453487393	0.0159398257705386	-3.15429888455957
hsa-miR-486-3p	-0.171237943759433	5.3812013518087	-3.31641059209504	0.00116218477012282	0.00509392777419303	-1.91293764498759
hsa-miR-551b-5p	-0.216413043419667	5.37975760132966	-4.34625235128006	2.64846860085989e-05	0.000181362816759138	1.65668635981101
hsa-miR-524-5p	-0.121912546035436	5.37775500326299	-2.78718639246685	0.00605713515881606	0.020550885198444	-3.42864447106788
hsa-miR-125b-1-3p	-0.503600059023911	5.37655244793973	-5.29122638265106	4.59156344675272e-07	5.12730935597548e-06	5.5605911335846
hsa-miR-875-5p	-0.232843370725708	5.37625217843508	-2.54103810564756	0.0121445505071465	0.0369053910623675	-4.05361285792095
hsa-miR-192-3p	-0.137549007111622	5.37399079914188	-3.62325890684808	0.000406339777931326	0.0020356321860923	-0.931503251693449
hsa-miR-194-3p	0.136675250333135	5.37296907493871	2.43518164534834	0.0161448628691442	0.0464695774903111	-4.30621426445654
hsa-miR-10a-3p	-0.0875696291597929	5.37151374023881	-2.57788155187309	0.0109762687143367	0.0339064903168308	-3.96339599879694
hsa-miR-541-3p	-0.11120549706093	5.36985831691606	-2.55162880495626	0.0117978142864725	0.0360147193932324	-4.02780095117992
hsa-miR-186-3p	-0.12076713109277	5.36874085117266	-3.06705960875961	0.00259645727985828	0.0101122805087621	-2.65570235511164
hsa-miR-497-3p	0.122006666807042	5.3686251234077	3.50926832957362	0.000605091231981002	0.00286391404063889	-1.30459426823866
hsa-miR-296-3p	-0.137407895876015	5.36794818619123	-3.32128627973156	0.00114354210139303	0.00502149400752234	-1.89791754009248
hsa-miR-25-5p	-0.197484809230678	5.36370778608161	-5.24681188543102	5.61792908289062e-07	6.13179447294556e-06	5.3652169102555
hsa-miR-548a-5p	-0.131116734980198	5.36264163032545	-3.06203897263828	0.00263758052395324	0.0102427946696435	-2.67014027303012
hsa-miR-147b-3p	-0.21990204958427	5.36049304129953	-2.84831642981288	0.005059512037535	0.0176879173751808	-3.26541172418842
hsa-miR-489-3p	-0.152472755969152	5.3527741897925	-4.10842422655626	6.75435985612542e-05	0.000413121210109199	0.764376563070289
hsa-miR-190b-5p	0.10491510028551	5.35061429178687	2.60577308911763	0.0101600707439848	0.0318309457348217	-3.89431469935178
hsa-miR-18b-3p	-0.176286524473705	5.35039950788162	-3.86445979594944	0.000169852356139846	0.000951908914709609	-0.109832072005422
hsa-miR-130b-5p	-0.118275214753071	5.34950492809326	-2.71949511940697	0.00736832480145041	0.0243308413566421	-3.6056980464988
hsa-miR-92a-1-5p	-0.172972769662789	5.3393226577688	-4.83208321744299	3.51057173937105e-06	3.13043428263597e-05	3.59555589454569
hsa-miR-616-3p	0.130378093112407	5.33904205696072	3.17048368619159	0.00187064126817132	0.0076741917391809	-2.35370975300487
hsa-miR-138-5p	-0.0941595027232016	5.33892947133848	-2.62183091673294	0.00971533759830823	0.0306517192785077	-3.8542371843129
hsa-miR-509-3p	0.135973887399921	5.33640909283722	3.0902777847643	0.00241387539544193	0.00950573816829575	-2.58866514796747
hsa-miR-517b-3p	-0.112057899331007	5.33458930380389	-2.43961725085177	0.0159561956024359	0.046084260147323	-4.29582739621889
hsa-miR-876-3p	0.114987459818467	5.32287850009202	2.59914695396596	0.0103488656058988	0.0322871169935021	-3.91078729979476
hsa-miR-639	-0.100262779024935	5.32233571897855	-2.60272245567079	0.0102466023955194	0.0320353798137478	-3.90190331243683
hsa-miR-938	-0.139426574901006	5.32093556034049	-3.76812684341732	0.000241793072995534	0.00130038672670979	-0.443176678695103
hsa-miR-671-3p	-0.0850672561714134	5.32038572148858	-2.91550665204655	0.00413789792544698	0.014887581413052	-3.08236759669865
hsa-miR-520a-5p	-0.115872389730732	5.31235423047325	-3.02811037548051	0.00293164223468563	0.0111865841375484	-2.76716690984235
hsa-miR-409-5p	-0.172334459657407	5.31226663546012	-3.14665401199871	0.00201884498501538	0.00818055546243678	-2.42406179790635
hsa-miR-517a-3p	-0.178543482955125	5.30627955287716	-2.74556625873436	0.00683553584369091	0.0227992378631018	-3.53796845777553
hsa-miR-19b-2-5p	-0.0826738077644151	5.30512167988657	-2.49715533700087	0.0136805159215577	0.0407087621053693	-4.15952118006557
hsa-miR-423-3p	-0.0835572611550037	5.30345385082658	-2.70416452912518	0.00769893210211192	0.0252428923893806	-3.64525379048309
hsa-miR-513a-3p	-0.120941869651602	5.29861006885596	-3.91700910970165	0.000139720235957664	0.000797656128572898	0.0748641197480193
hsa-miR-642a	0.0998226782060239	5.29633950125642	2.65095139309369	0.0089533418893025	0.0286438821831798	-3.78098915926695
hsa-miR-516a-3p	-0.115467192319328	5.29502948763574	-3.64360788992747	0.000378096677478007	0.00191265747824965	-0.863861220868463
hsa-miR-517c-3p	-0.172440498580862	5.29195193971691	-2.64634300358855	0.0090702188178797	0.0289421068089612	-3.79262957869321
hsa-miR-138-1-3p	-0.085993807086032	5.29143962276688	-2.77337781224485	0.0063059577992137	0.0212824098686279	-3.46507883191901
hsa-miR-520c-3p	-0.0977067294543885	5.29050482311275	-2.85599913009522	0.00494536643133475	0.0173339022401772	-3.24467389673031
hsa-miR-576-5p	-0.122017536275792	5.2902812140935	-2.93157223052358	0.00394166106149452	0.0142769828380808	-3.03804095777601
hsa-miR-223-5p	-0.086953362090592	5.28602630464285	-2.53775094098569	0.0122540124317619	0.0371541215145985	-4.06160452370701
hsa-miR-612	-0.127762565628349	5.28393643826626	-2.81282561539578	0.00561870723312449	0.0193067733730652	-3.36056583287719
hsa-miR-619-3p	0.127365483756883	5.28011067089006	2.54182783220878	0.0121183836025261	0.0368425146307255	-4.05169149174106
hsa-miR-596	-0.132792257524927	5.27891365110985	-3.49766770926291	0.000629791593754256	0.00296725339130157	-1.34200481255634
hsa-miR-514a-3p	0.118225791972286	5.27674944511794	2.91136218391629	0.00418995520450644	0.0150426993681533	-3.09376766575638
hsa-let-7i-3p	0.0702805646641593	5.26965143448452	2.449471464027	0.0155440452457468	0.0451590724901069	-4.27268969283491
hsa-miR-656-3p	0.0684621872711264	5.26886461784177	2.47595124019038	0.0144830620916783	0.0427190012068441	-4.21009167018374
hsa-miR-374b-3p	-0.0822808599198686	5.26818321964999	-2.64099357915719	0.00920761514665808	0.029318948311793	-3.80611882816855
hsa-miR-323a-3p	0.118498941386297	5.2680583626255	3.52824338992478	0.00056664350084412	0.00270189757170747	-1.24317871317728
hsa-miR-19a-5p	-0.101682356226272	5.26744329787527	-2.87224048892682	0.00471177130122824	0.0166670858647022	-3.20067039124213
hsa-miR-519a-3p	-0.166320429005871	5.26592428493725	-3.62949335986405	0.000397481759178788	0.00199869751551187	-0.910812581862886
hsa-miR-519b-3p	-0.218234774071767	5.2638474185981	-4.35341920590293	2.57336259376424e-05	0.000176975676278654	1.68417268557927
hsa-miR-325	0.0993508655845905	5.25796627637068	2.97058725891853	0.00350014013660398	0.0129176866917562	-2.92949962734831
hsa-miR-217-5p	-0.139636834978666	5.25766038116859	-3.62963935704548	0.000397276525429087	0.00199869751551187	-0.910327699442224
hsa-miR-146a-3p	-0.100740790225015	5.25714881793357	-2.43591944712362	0.0161133439128371	0.0464104301885426	-4.30448775535857
hsa-miR-522-3p	-0.101799354252783	5.2524789049896	-3.54488378072528	0.000534830351937152	0.00257116013421448	-1.1890920192695
hsa-miR-520h	-0.161189867533887	5.25157453256016	-2.40281098746687	0.0175827831123252	0.0496837315328533	-4.38149070096526
hsa-miR-525-3p	-0.10740529090169	5.25020035143165	-3.05536175145076	0.00269320516133485	0.010428710403143	-2.6893100393506
hsa-miR-563	-0.0902795450973337	5.25010342883963	-3.18934920303127	0.00176054521374579	0.00728695675058854	-2.29768780809235
hsa-miR-521	-0.0886672812280374	5.24996330660335	-3.05001811057456	0.00273849873526007	0.0105767046445636	-2.70462485339077
hsa-miR-518f-3p	-0.108406719351975	5.24473203768001	-3.305085837901	0.00120658709588251	0.0052696643824067	-1.94775214722889
hsa-miR-892a	0.0894530316972251	5.24178783323508	2.92083268184613	0.00407187042815642	0.0146853627663556	-3.06769637830325
hsa-miR-626	-0.144423737552692	5.23490585105265	-2.77038155231233	0.00636116165221882	0.021426820608215	-3.47296317402332
hsa-miR-7-2-3p	0.0870781111622474	5.23395714228888	2.709280323498	0.00758714419692665	0.0249371305114423	-3.6320764616017
hsa-miR-518b	-0.0853044634835523	5.23333883272028	-2.63390024964895	0.00939269724069473	0.0298225894456792	-3.82396748078301
hsa-miR-579-3p	-0.0868841856413498	5.2301965305953	-2.95041653320193	0.00372238691730765	0.013633216755387	-2.9857733978822
hsa-miR-767-3p	-0.0730780668721001	5.22999210702123	-2.41329064660372	0.0171053142144225	0.0486314258862779	-4.35722212305357
hsa-miR-339-5p	-0.0618182841254393	5.22734883331852	-2.53968975893219	0.0121893437950157	0.0369913870333179	-4.05689206231769
hsa-miR-708-3p	-0.104882489681449	5.22694961974124	-3.80907310474528	0.000208251250351472	0.00113905894833042	-0.302321998941987
hsa-miR-1233-3p	-0.091751441550739	5.22557385505148	-3.36871193066211	0.00097622547987762	0.00438015673799041	-1.7508378135783
hsa-miR-767-5p	-0.148618963468302	5.22499509075852	-3.42245333750058	0.000814421307658123	0.00373358604436468	-1.58203464433941
hsa-miR-618	-0.0832707595721787	5.22498161288136	-2.74616951421681	0.00682363280402191	0.0227668740418842	-3.53639440966627
hsa-miR-181a-2-3p	0.0760817295662548	5.22460724848834	2.77036404719359	0.00636148545851805	0.021426820608215	-3.47300921448044
hsa-miR-590-3p	-0.143047008879535	5.22362861846829	-4.54104205669412	1.19816682147976e-05	9.16573777705038e-05	2.41584561057719
hsa-miR-589-3p	-0.0968112988170997	5.2199421600907	-2.43807774560552	0.0160214548590859	0.0462330466617755	-4.29943442543287
hsa-miR-637	0.0815947592273911	5.21963661242818	2.84741294557617	0.00507309256835486	0.0177261837444256	-3.26784722390284
hsa-miR-374a-3p	-0.167971242236184	5.21840541743749	-4.00853009558855	9.90001846693533e-05	0.000583507001713017	0.401288267129143
hsa-miR-620	-0.105379091782442	5.217924862171	-2.774609275456	0.00628339565437636	0.0212275601117972	-3.46183615443037
hsa-miR-384	-0.0672913857592401	5.21670863161312	-2.40227282898279	0.0176076181316549	0.049718691828409	-4.38273433416581
hsa-miR-649	-0.0895291843899688	5.21476066434255	-2.79283566712567	0.00595794075256228	0.0202859440198578	-3.41369205108935
hsa-miR-611	-0.0869314363323217	5.2147048404505	-2.58773123429635	0.010681540495262	0.0331482492860346	-3.93907755468307
hsa-miR-944	-0.0906269348866462	5.21354121949377	-2.77694065038458	0.00624088260473797	0.0210998282234558	-3.45569367160424
hsa-miR-218-2-3p	-0.107878189086958	5.21283318780971	-2.5551280437428	0.0116852162186136	0.0357355157812874	-4.01925103813847
hsa-miR-556-3p	-0.103786073973521	5.21275715984136	-2.76346658301061	0.00649024642652889	0.0217825896469741	-3.49113005650718
hsa-miR-515-5p	0.0813605271383784	5.21216147240256	2.9358964124613	0.0038903212482094	0.0141214358553832	-3.02607331812579
hsa-miR-135b-3p	-0.133896529598026	5.21118292498567	-4.1784009128803	5.14734392752096e-05	0.000325158453533958	1.02288782584739
hsa-miR-26b-3p	0.101286528105956	5.21087760497648	3.17906766550009	0.00181977693801637	0.00749752555969022	-2.32825488166919
hsa-miR-675-5p	-0.135683588441511	5.21056023827411	-4.49112522173322	1.47148500666745e-05	0.000109696965372395	2.2189292345627
hsa-miR-380-3p	-0.0650925101501056	5.20957418470209	-2.44775111422101	0.0156153090700038	0.045290874879995	-4.27673524124741
hsa-miR-587	-0.173648913897334	5.20931436928625	-3.15754920867847	0.00194978237700068	0.00793835753855406	-2.391953080468
hsa-miR-450b-3p	-0.107725964072009	5.20804337371691	-3.13982836359767	0.00206326028140278	0.00832480670061645	-2.44412832317021
hsa-miR-518d-3p	-0.0645833195170886	5.20708407067106	-2.56437933198152	0.0113921566208781	0.0349903810752194	-3.99659541925912
hsa-miR-512-5p	-0.133955344284569	5.20576491546958	-2.73689900375115	0.00700864674115005	0.0232745188916375	-3.56054928996266
hsa-miR-580-3p	-0.0854771522543256	5.2047265898623	-2.69213225004671	0.00796775952348562	0.0259976169127116	-3.67615830278942
hsa-miR-890	-0.0694662537171853	5.19891890871486	-2.58006309976715	0.0109103685232062	0.0337416499306511	-3.95801711389776
hsa-miR-523-3p	-0.0671140441406712	5.19806453198055	-2.64026613193875	0.00922644344585378	0.0293570638466324	-3.80795127172189
hsa-miR-586	-0.105457634239436	5.19636691019789	-3.36493493071291	0.000988661052273161	0.00442953781798712	-1.76261627290505
hsa-miR-603	-0.155715915232363	5.1958605984356	-2.73072171985548	0.00713444404130931	0.0236397633636686	-3.57660387234424
hsa-miR-549a	-0.13252705984358	5.1940861005619	-2.5348397931453	0.0123516898803067	0.0373744859521942	-4.0686741550997
hsa-miR-608	-0.109525686651058	5.19399162556854	-2.45567960716758	0.0152892783526213	0.0446285539987068	-4.25806904383481
hsa-miR-488-5p	0.0700661061852608	5.19178142751892	2.85601386989037	0.00494514971591237	0.0173339022401772	-3.24463406202525
hsa-miR-606	-0.080337461214973	5.19171900734811	-2.47442310257113	0.0145424894879999	0.0428660982586038	-4.21372094024993
hsa-miR-567	-0.0872853472159942	5.19140932256738	-3.20240628311319	0.00168790535153159	0.00701651356509394	-2.25874623086845
hsa-miR-604	-0.077140228003481	5.19138742610292	-2.5048764895075	0.0133982914044557	0.0399750352856666	-4.14100878512182
hsa-miR-544a	-0.0782875248206962	5.18971160460748	-2.63498160786625	0.00936426699972456	0.0297533829393846	-3.82124930931503
hsa-miR-556-5p	-0.0963035426571595	5.18861363736244	-2.7714999983813	0.00634050390569556	0.0213775546366924	-3.4700209935071
hsa-miR-668-3p	-0.138489873632741	5.18849791396777	-2.86042857815426	0.00488063070215275	0.0171516758234963	-3.23269496656449
hsa-miR-26a-2-3p	-0.0833708883054363	5.18735400851842	-2.53267351004599	0.0124248267072501	0.0375788869797161	-4.07393010554148
hsa-miR-155-3p	-0.081691750733377	5.18669803100698	-2.65221048513896	0.00892164642053403	0.0285492685457089	-3.77780561100204
hsa-miR-545-5p	-0.0763235085984313	5.18348461203306	-2.94346962841593	0.00380188332140587	0.0138715135501186	-3.00507610244322
hsa-miR-599	-0.0898464627230493	5.18161257866684	-3.10679703079447	0.00229128472757586	0.00911905569188428	-2.5407014305918
hsa-miR-202-5p	-0.0971667335722852	5.17817693031206	-3.48042095954514	0.000668272096377809	0.00312992319138872	-1.39743141605378
hsa-miR-651-5p	-0.0709675252500777	5.17799018930087	-2.51221562866461	0.0131348634871469	0.0393669346136782	-4.12336391850451
hsa-miR-519c-3p	-0.110390728892322	5.17764053908707	-3.71994321544475	0.000287823171102423	0.0015211895484502	-0.607337736883445
hsa-miR-96-3p	-0.0703540106730633	5.17705278571128	-2.81048613429628	0.00565747795812346	0.0194031948955093	-3.36680082243618
hsa-miR-302b-3p	-0.103797935729092	5.17525772485604	-3.2624964717594	0.00138814374583099	0.00595408287881373	-2.07776805646215
hsa-miR-518c-3p	-0.105551370391784	5.17260219670631	-3.56359187777962	0.000501075184225627	0.0024385054896709	-1.12803128758447
hsa-miR-643	-0.0991664803799139	5.1719873498537	-3.05759716235533	0.00267446353153169	0.0103680729704092	-2.68289642578517
hsa-miR-577	-0.102461090198224	5.16953615664917	-3.18075090736836	0.00180995477667965	0.00746849171266526	-2.3232564312471
hsa-miR-554	-0.0874932960086956	5.16857266011709	-2.46173619135312	0.0150443186614538	0.0440465593826817	-4.24377263410927
hsa-miR-526b-3p	-0.0797652870234553	5.16729105014889	-2.98080591508836	0.00339226709592743	0.0125782160492696	-2.90086203261467
hsa-miR-124-5p	-0.0855414241348904	5.1668151859898	-2.6680629967901	0.00853116368758795	0.0275529404093281	-3.73760656881668
hsa-miR-511-5p	-0.0682464745187756	5.16624203447491	-2.63291111350754	0.00941877097744014	0.0298912694038761	-3.82645295280822
hsa-miR-886-5p	-0.0788807601877668	5.16565716083217	-2.42974819068289	0.016378672319859	0.0469717422711045	-4.31891414638
hsa-miR-607	-0.0700676123267954	5.16456377875776	-2.52810113263888	0.0125804707034169	0.0379643000191024	-4.08501039753863
hsa-miR-499a-3p	0.0595645411220551	5.16266043626082	2.45533901957805	0.0153031582997034	0.0446297146109177	-4.25887203324884
hsa-miR-644a	-0.0962615278354089	5.16052776827814	-2.67600911526556	0.00834130299910073	0.0270459212423854	-3.71737533319024
hsa-miR-504-5p	-0.0726749900697499	5.15886304591636	-2.68521124161173	0.00812621169728894	0.0264504849053507	-3.69387844063475
hsa-miR-302d-5p	-0.0957353609386682	5.15843874545171	-3.41952887490128	0.000822536092006027	0.00376464137892283	-1.59127858639928
hsa-miR-593-5p	-0.0766470130392785	5.1581899664438	-2.47054175758287	0.0146944082684032	0.0432192257179526	-4.22292976695028
hsa-miR-646	-0.104284229436226	5.15620441751616	-4.30653545732915	3.10441171151666e-05	0.000208637650011932	1.50498962684288
hsa-miR-367-5p	-0.0767268267876067	5.15543122207538	-2.41538187494645	0.0170114226541415	0.0484559066964709	-4.35236767506689
hsa-miR-524-3p	-0.0753660984280504	5.15525453667149	-2.60302339622379	0.0102380367911166	0.0320304633948534	-3.90115506521776
hsa-miR-220a	-0.122306310886909	5.1546760233616	-2.70544422943244	0.0076708296376321	0.0251691498668563	-3.64195962382817
hsa-miR-187-3p	-0.0808539892697002	5.14768119209285	-2.67915878046805	0.00826710976892958	0.0268441672419682	-3.70934110194525
hsa-miR-218-1-3p	-0.0657502970982806	5.14534733514291	-2.52561580968608	0.0126658011418611	0.0381704412463343	-4.09102544744213
hsa-miR-569	-0.0687901150203953	5.14146278104657	-2.40222265844628	0.0176099349921372	0.049718691828409	-4.38285026045298
hsa-miR-496	-0.0735258937559689	5.14103933350384	-2.43305960126204	0.0162358223031574	0.0466615174949351	-4.31117732306057
hsa-miR-452-3p	-0.0732420565438043	5.13888476068447	-3.03483960714974	0.00287101857172002	0.0109876069115656	-2.74799834167252
hsa-miR-412-3p	-0.0600848203908519	5.13652040130738	-2.40896172056007	0.0173011349352102	0.049066642116674	-4.3672587369208
hsa-miR-578	-0.0677666597752431	5.13501273531832	-2.61584867118639	0.00987892853636304	0.0310949385696611	-3.86919389443631
hsa-miR-653-5p	-0.0698505450212878	5.13360438872449	-2.82333333935068	0.00544753998848769	0.0188002303372891	-3.33250446323244
hsa-miR-561-3p	-0.0740160954835369	5.12412988255236	-2.62652702775008	0.00958863169374629	0.0302874713781808	-3.84247436776804
hsa-miR-330-5p	-0.0772735964994133	5.12140228302876	-2.70506284489706	0.00767919517927596	0.0251904559562012	-3.64294151932274
hsa-miR-1231	-0.0658767379465326	5.1205930216055	-2.63436831242912	0.00938038175392185	0.0297905161389597	-3.82279105203191
hsa-miR-802	-0.0677517007157045	5.11962637435744	-2.53617757483447	0.0123067171891521	0.0372640937002488	-4.06542631261771
hsa-miR-363-5p	-0.0838418708359248	5.11954025824538	-2.79604851436855	0.00590218927176961	0.0201317766390195	-3.40517626354197
hsa-miR-581	-0.304490986198398	5.09328535714162	-2.4522938738461	0.0154277560781747	0.0449341744129693	-4.26604691036621
