Row	Col	SystematicName	logFC	AveExpr	t	P.Value	adj.P.Val	B
117_35_hsa-miR-145	117	35	hsa-miR-145	0.816221389379081	14.9307853718346	5.50337457536495	1.72732676688853e-07	8.77090904726494e-06	6.92518863227614
162_28_hsa-miR-125b	162	28	hsa-miR-125b	0.58861148067301	14.5407068724218	5.46534881365174	2.06160967492027e-07	1.01989043329879e-05	6.75610002606158
116_30_hsa-let-7a	116	30	hsa-let-7a	0.555437676714123	14.210960611249	3.82165196556716	0.000198867580107172	0.00297099643561062	0.256674339653858
165_24_hsa-miR-29c	165	24	hsa-miR-29c	0.357702992133786	13.9613892147383	5.64901967132637	8.71424320675448e-08	5.0542610599176e-06	7.57965585702324
125_37_hsa-miR-29a	125	37	hsa-miR-29a	0.216164570237234	13.7974199729368	3.7247979378399	0.000282834132403022	0.00395137818753593	-0.0707795958189807
97_55_hsa-miR-141	97	55	hsa-miR-141	0.409287868193911	13.7607182634524	3.09741398227917	0.00236019091480504	0.019365078627815	-2.02081541368887
71_37_hsa-let-7f	71	37	hsa-let-7f	0.613784646712557	13.7565808333675	4.02661487621232	9.24240231209239e-05	0.00157027481706459	0.971811944986655
135_47_hsa-miR-26a	135	47	hsa-miR-26a	0.201968676582193	13.6643287429662	3.15503094236534	0.00196554755493734	0.0169432465722209	-1.85450437804427
41_38_hsa-miR-23b	41	38	hsa-miR-23b	0.552922502142997	13.3924669074608	5.04443268028008	1.39006742199011e-06	5.12458828227367e-05	4.936126745878
126_27_hsa-miR-29b	126	27	hsa-miR-29b	0.384857932884764	13.2088225273457	3.78437140077331	0.000227915017979164	0.00331548592640825	0.12982555459718
183_32_hsa-let-7c	183	32	hsa-let-7c	0.244959801712858	13.1804520865214	3.2573169678048	0.00141188309819856	0.0131203722164087	-1.55275047544862
118_34_hsa-miR-19b	118	34	hsa-miR-19b	0.495216982803655	13.0621523088036	4.45326930260039	1.71788065204453e-05	0.000418764529962158	2.5531382417932
106_42_hsa-miR-200c	106	42	hsa-miR-200c	0.479216866543705	12.7997626459388	3.76650233985574	0.00024322416129229	0.00349287546888906	0.0693824925827204
77_65_hsa-miR-143	77	65	hsa-miR-143	1.48761963623413	12.7958915710459	9.83604527800666	1.13420034410948e-17	1.0901285593098e-14	29.5477133876085
36_55_hsa-miR-27b	36	55	hsa-miR-27b	0.463573419741168	12.711164877605	5.17414594632329	7.79738695964357e-07	3.14749047405701e-05	5.48661939579205
11_43_hsa-miR-99a	11	43	hsa-miR-99a	0.893597167000648	12.6651085991201	6.09794380073444	9.93368846581843e-09	1.00820974340607e-06	9.66165363534257
25_43_hsa-miR-30b	25	43	hsa-miR-30b	0.35724986390843	12.63203048298	3.49489384542924	0.000635836653138832	0.00721192076717743	-0.820346584689755
88_38_hsa-miR-148a	88	38	hsa-miR-148a	1.13747253984452	12.498293928623	7.90958637910975	7.08935254438862e-13	2.26491527006973e-10	18.8659978687385
166_36_hsa-miR-375	166	36	hsa-miR-375	1.07804575237193	12.2899852981959	4.78408739969332	4.31300238161304e-06	0.000135281491951014	3.86053979546151
59_56_hsa-miR-16	59	56	hsa-miR-16	0.341583246244756	12.2849751288342	3.03091435254945	0.00290623910420735	0.0225917697205166	-2.20944953328328
83_34_hsa-miR-26b	83	34	hsa-miR-26b	0.899910994544419	12.24737975977	5.75535518030848	5.25384228114211e-08	3.56548206199711e-06	8.06416490021568
110_28_hsa-let-7g	110	28	hsa-let-7g	0.486911730320375	12.1741162402001	3.69135311268479	0.000318936600339032	0.00436139318512399	-0.182262117873884
119_48_hsa-miR-199b-3p	119	48	hsa-miR-199b-3p	0.948580801712539	11.9507426593015	5.89257899389166	2.71327905179208e-08	2.11039785670025e-06	8.69748616038134
124_31_hsa-miR-195	124	31	hsa-miR-195	0.577413622712208	11.6434023301717	4.02911314703466	9.15490436599933e-05	0.00156132310708349	0.980711363669941
98_42_hsa-miR-100	98	42	hsa-miR-100	0.741630206792033	11.6119225428996	6.51958149055379	1.19362143243485e-09	1.5834973905651e-07	11.6986790248578
82_42_hsa-miR-30d	82	42	hsa-miR-30d	-0.482066145672782	11.4162957325817	-4.15253677293059	5.69321643844516e-05	0.0010669626796061	1.42574985862418
123_40_hsa-miR-15a	123	40	hsa-miR-15a	0.334685719859555	11.3365942324113	3.40179910596571	0.000873378443056753	0.00924640466543798	-1.11253029764721
185_37_hsa-miR-130a	185	37	hsa-miR-130a	0.6734095570352	11.2110362755882	6.77563255189625	3.18623793755e-10	4.98535089391544e-08	12.9704790842466
60_45_hsa-miR-20a	60	45	hsa-miR-20a	0.44481010385373	11.146193123451	3.5634438941617	0.000501334134149264	0.00602855416363941	-0.600985831934117
82_48_hsa-miR-30c	82	48	hsa-miR-30c	0.291398245082241	11.1081016947734	3.37307228104584	0.000962051362243324	0.00987441886372705	-1.20134837076582
182_35_hsa-miR-101	182	35	hsa-miR-101	0.369252342779387	11.0977020269903	4.79223103462944	4.16534625868858e-06	0.00013167459679534	3.89357554185625
17_69_hsa-miR-17	17	69	hsa-miR-17	0.49395805675606	11.0848210698386	4.57789014422609	1.02854306909297e-05	0.00028130234832754	3.03759903675918
112_32_hsa-miR-205	112	32	hsa-miR-205	1.60723908289676	11.0305133794747	4.13929049535862	5.99382665657445e-05	0.00111245422746022	1.37748526821563
112_29_hsa-miR-30e	112	29	hsa-miR-30e	0.180719066089473	11.0303298801907	3.16537910475913	0.00190151110616836	0.016528897574032	-1.82435353745199
112_33_hsa-miR-638	112	33	hsa-miR-638	-0.499995666381049	10.9019129960975	-2.76475303485664	0.00646605281251061	0.0414108293282099	-2.92826061560344
167_35_hsa-miR-142-3p	167	35	hsa-miR-142-3p	0.677857865792412	10.8832249202317	3.64222249500837	0.00037995911868773	0.00496381543792436	-0.344534998467208
105_32_hsa-miR-363	105	32	hsa-miR-363	1.1198902381931	10.7195964999671	5.91997158959711	2.37551997993322e-08	1.97314795370256e-06	8.82497416465943
97_52_hsa-miR-451	97	52	hsa-miR-451	-0.589443566560733	10.570275854392	-2.79995538861244	0.005835035083111	0.0383594172578964	-2.83655568131809
106_32_hsa-miR-1	106	32	hsa-miR-1	1.97049614626171	10.5656313364936	11.123252531495	5.59648644850631e-21	5.67434875327557e-17	36.9094854138116
150_40_hsa-miR-133b	150	40	hsa-miR-133b	1.34380299968547	10.5050740892646	8.45786725607799	3.27178608000898e-14	2.00114334057277e-11	21.8399600903137
5_19_hsa-miR-494	5	19	hsa-miR-494	-0.601267783802047	10.4497409278041	-2.75347294976582	0.00668101240369681	0.0423655527352235	-2.95742668329474
92_32_hsa-miR-20b	92	32	hsa-miR-20b	0.581265907576687	10.3769633946657	4.40393962908463	2.09911143875034e-05	0.000485320335392175	2.36412352057326
55_49_hsa-let-7e	55	49	hsa-let-7e	0.451212060722787	10.3668930063485	2.7247817865465	0.00725733643781471	0.0450613916055368	-3.03112983809879
90_41_hsa-miR-103	90	41	hsa-miR-103	-0.190980476889211	10.3383257250575	-2.98793509345382	0.00331882902538301	0.024810090758641	-2.32946054848808
57_44_hsa-miR-199b-5p	57	44	hsa-miR-199b-5p	1.12010263315593	10.1723245497625	6.86121735306086	2.03818868460102e-10	3.6567822586655e-08	13.4010115617323
102_55_hsa-miR-221	102	55	hsa-miR-221	0.463619610833034	10.1572576084864	3.36790645701559	0.000978865113882623	0.0100088214076023	-1.21725254852818
129_41_hsa-miR-19a	129	41	hsa-miR-19a	0.389851089158182	10.1394603829746	3.41004857406862	0.000849366279528914	0.00903484004532891	-1.08690691756888
104_27_hsa-miR-214	104	27	hsa-miR-214	0.349694242482063	9.94226837448708	3.10781049346394	0.00228395468983694	0.0189475303985486	-1.9910025430532
59_42_hsa-miR-193a-3p	59	42	hsa-miR-193a-3p	0.251744299989269	9.92866093401211	2.67586640122634	0.00834467897184466	0.0498384377475108	-3.15518670813102
165_31_hsa-miR-223	165	31	hsa-miR-223	0.749317658611375	9.92212434971662	4.19947498287371	4.73999272849185e-05	0.00091639859417509	1.59773637572895
104_37_hsa-miR-320	104	37	hsa-miR-320	-0.333066329507388	9.89803564109641	-3.08987706605413	0.00241692318249898	0.019692940040732	-2.04237386892296
149_47_kshv-miR-K12-3	149	47	kshv-miR-K12-3	-0.514775378540514	9.89655083831	-3.21873721213126	0.00160097423196972	0.0145031774395519	-1.66753679303841
74_51_hsa-miR-92a	74	51	hsa-miR-92a	-0.326512102446718	9.78860889823956	-2.76741381345098	0.00641627298394995	0.0411718499151314	-2.92136529515649
43_55_hsa-miR-324-3p	43	55	hsa-miR-324-3p	-0.327035638712021	9.61504659574731	-3.23929144491828	0.00149748138366274	0.0137618789403537	-1.60652778885398
138_39_hsa-miR-10b	138	39	hsa-miR-10b	0.494374383517892	9.57666800531874	2.86714505856419	0.00478394747174616	0.0332675954417655	-2.65865494172012
98_56_hsa-miR-150	98	56	hsa-miR-150	0.797001735586806	9.44604330824042	3.78962620299549	0.000223589884568044	0.0032631512871449	0.147644328531976
63_60_hsa-miR-28-5p	63	60	hsa-miR-28-5p	0.465275016879544	9.39930464905852	4.29502971062968	3.24999947741199e-05	0.000680124307434769	1.95244704105475
146_25_hsa-miR-96	146	25	hsa-miR-96	0.797994848676241	9.29463234267548	5.00661797128988	1.64241848100954e-06	5.94096319367323e-05	4.77744270006637
108_34_hsa-miR-145*	108	34	hsa-miR-145*	0.936755961514296	9.19547241534005	8.25895235009152	1.00633447049426e-13	4.81342801488655e-11	20.7533758419297
109_35_hsa-miR-181a	109	35	hsa-miR-181a	-0.47249267596176	9.18575215884713	-4.04207625694523	8.71344357546089e-05	0.00149551143815563	1.02695872199132
192_36_hsa-miR-342-3p	192	36	hsa-miR-342-3p	-0.225769518288741	9.16155657112072	-2.69846314328874	0.00782527233399317	0.0475595594065999	-3.09812899770698
162_41_hsa-miR-374a	162	41	hsa-miR-374a	0.679626625750569	9.11195636734252	4.55068954727402	1.15131577853604e-05	0.000308038211193729	2.93101505235404
101_51_hsa-miR-99b	101	51	hsa-miR-99b	-0.265431762619963	9.01738388490199	-2.72457323672586	0.00726168584630048	0.0450613916055368	-3.0316630361661
176_29_hsa-miR-196b	176	29	hsa-miR-196b	0.555856060978351	9.00038123389946	4.40280586138749	2.10876588002318e-05	0.000486716186648232	2.35979786750103
115_50_hsa-miR-374b	115	50	hsa-miR-374b	0.545901918349595	8.8497958264386	4.42749762381	1.90786893649449e-05	0.000450390954552103	2.45419315401006
159_11_hsa-miR-575	159	11	hsa-miR-575	-0.512650292682662	8.5661231376395	-3.09569740572802	0.00237300256743977	0.0194346454945037	-2.02572949231697
157_44_hsa-miR-151-3p	157	44	hsa-miR-151-3p	-0.254714587565986	8.50487246741946	-2.91135111693063	0.00419009501354146	0.0300043121098612	-2.53956939963938
105_52_hsa-miR-660	105	52	hsa-miR-660	0.452719230048939	8.43877054537631	3.77828629947508	0.000233022716406726	0.00338612707556037	0.109216317941216
153_30_hsa-miR-939	153	30	hsa-miR-939	-0.580109871026811	8.43291214912936	-4.85875457016537	3.12931467920922e-06	0.000103459602760293	4.16492850317077
189_47_hsv1-miR-LAT	189	47	hsv1-miR-LAT	-0.498436080559071	8.42862480438523	-3.47103134782175	0.000690140164990143	0.00768752157293656	-0.89587142823178
112_37_hsa-miR-768-5p	112	37	hsa-miR-768-5p	0.438658725990636	8.35276383434971	2.79704188116088	0.00588504813781279	0.0385724343606473	-2.84418490541704
162_49_hsa-miR-376a	162	49	hsa-miR-376a	0.42825067730905	8.32992105696229	4.11081896957391	6.69219701406942e-05	0.00121035219114675	1.27415156782249
173_32_hsa-miR-98	173	32	hsa-miR-98	0.44428277470864	8.26985192724375	2.87866895443914	0.00462213453658381	0.0323597514694442	-2.62776649403682
113_38_hsa-miR-143*	113	38	hsa-miR-143*	0.431169696313816	8.25286622497865	3.47200026064477	0.00068785287696272	0.00767826471745014	-0.892813258965745
76_46_hsa-miR-423-5p	76	46	hsa-miR-423-5p	-0.237646893271498	8.24286506028235	-3.01205079103486	0.00308112529260296	0.0235566033734463	-2.26230710704092
95_36_hsa-miR-146b-5p	95	36	hsa-miR-146b-5p	0.936132490474998	8.22412591981065	4.95893261052861	2.02466290230377e-06	7.18835462094974e-05	4.57851350198332
137_33_hsa-miR-376c	137	33	hsa-miR-376c	0.36273914845536	8.19755365503493	3.54156268029059	0.000541042112076552	0.00640868191910394	-0.671391366186388
125_21_hsa-miR-135a	125	21	hsa-miR-135a	0.770537210076494	8.18914034597718	4.38772797340357	2.24129235592692e-05	0.000504328259888839	2.30235098357737
77_7_hsa-miR-572	77	7	hsa-miR-572	-0.419341785496037	8.1461096284167	-2.82734227821443	0.00538349941636772	0.0361298594247601	-2.76449534293632
80_37_hsa-miR-136	80	37	hsa-miR-136	0.312718033092594	8.04756783855819	2.90751696628788	0.00423879002493294	0.0302103594149882	-2.54996194002977
69_38_hsa-miR-142-5p	69	38	hsa-miR-142-5p	0.463998238252045	8.01946605125034	2.896048082981	0.0043875619624184	0.031024190103154	-2.580976295686
45_54_hsa-miR-1227	45	54	hsa-miR-1227	-0.601356774493402	8.00879024696755	-2.73646432312206	0.00701743250077214	0.0439416433746143	-3.00120271881921
181_54_hsa-miR-378	181	54	hsa-miR-378	-0.342181339771285	7.99875584294187	-3.57946078013889	0.000474026776981666	0.00582511809229708	-0.549221359562868
72_56_hsa-miR-210	72	56	hsa-miR-210	-0.811209038953031	7.93617124820019	-5.57785315508402	1.21895138748097e-07	6.43092549094929e-06	7.2585227508903
156_50_hsa-miR-30e*	156	50	hsa-miR-30e*	0.293790675948387	7.91028582741715	3.1523204763375	0.00198264807032095	0.0170360871227578	-1.86238760278089
162_38_ebv-miR-BART13	162	38	ebv-miR-BART13	-0.426961606828808	7.90417933968236	-3.10068614475078	0.0023359462983567	0.0192367574916944	-2.01144157091279
160_6_hsa-miR-150*	160	6	hsa-miR-150*	-0.385633736736401	7.88573421814273	-2.75451623767867	0.00666086181373157	0.0422975727067353	-2.95473361028802
165_50_hsa-miR-140-3p	165	50	hsa-miR-140-3p	-0.276381897249301	7.85945063182401	-2.80920057091137	0.00567888647292785	0.037643273531832	-2.81229963929154
20_61_hsa-miR-1234	20	61	hsa-miR-1234	-0.559201939629732	7.85885516917437	-4.39826697621033	2.14784576457223e-05	0.000489854450984474	2.34248908523937
143_51_hsa-miR-185	143	51	hsa-miR-185	-0.249618745444141	7.83690563407173	-3.24746270096104	0.00145809634800549	0.0134661252290747	-1.58218136360726
87_32_hsa-miR-218	87	32	hsa-miR-218	0.54476546172297	7.78408590501833	4.40041241790884	2.12928741133055e-05	0.000488103771837544	2.35066893372738
78_47_hsa-miR-377	78	47	hsa-miR-377	0.517286096405378	7.7784000523027	5.13201677028023	9.41742158227169e-07	3.69448468836874e-05	5.3067885647308
107_36_hsa-miR-133a	107	36	hsa-miR-133a	0.553448931293564	7.76485670060903	4.8820531707175	2.82937429507998e-06	9.51585489864711e-05	4.26058878657634
2_47_hsa-miR-1224-5p	2	47	hsa-miR-1224-5p	-0.316935542474591	7.75508050468241	-2.74583536730171	0.00683022364293434	0.043018459363398	-2.97711400242586
148_40_hsa-miR-590-5p	148	40	hsa-miR-590-5p	0.398571029217462	7.7476792317722	3.58810117738298	0.000459884194349853	0.00570867317266755	-0.521216846168673
121_39_hsa-miR-582-5p	121	39	hsa-miR-582-5p	0.55009478498743	7.6654000028524	3.54973768442323	0.000525872358436391	0.00629549684619224	-0.645129448132166
122_32_hsa-miR-181b	122	32	hsa-miR-181b	-0.361397607675666	7.62185109451908	-5.27707786695887	4.89688347092559e-07	2.08797148034339e-05	5.93011900951015
108_24_hsa-miR-132	108	24	hsa-miR-132	0.348292985987924	7.46245365512431	3.38413206825915	0.000926958783778193	0.00963922518896396	-1.16722892275745
35_66_hsa-miR-155	35	66	hsa-miR-155	0.420374229376007	7.44549931148591	3.44035171629059	0.000766370127374103	0.00828961128130701	-0.992334716183699
186_59_hsa-miR-125a-3p	186	59	hsa-miR-125a-3p	-0.731058821815074	7.4287737298936	-4.64980749257917	7.61755832759529e-06	0.000219021078752398	3.32163991372711
1_25_hsa-miR-877*	1	25	hsa-miR-877*	-0.606164936468434	7.41544320908764	-2.8476195539152	0.00506998404509701	0.0346831242047918	-2.71073983436976
10_46_hsa-miR-362-3p	10	46	hsa-miR-362-3p	0.429432253647902	7.40659990960525	3.96986843923393	0.000114587429072444	0.00186766995956063	0.770843039658801
3_44_hsa-miR-202	3	44	hsa-miR-202	-0.344341383678603	7.27092840577631	-2.86781218454717	0.00477444051763906	0.0332358363193746	-2.65686978425896
182_6_hsa-miR-671-5p	182	6	hsa-miR-671-5p	-0.486146679985143	7.23729270517311	-3.47104468162388	0.000690108639790569	0.00768752157293656	-0.895829347748127
41_36_hsa-miR-203	41	36	hsa-miR-203	0.533671311570508	7.21637556610624	4.32316656213204	2.90499215013745e-05	0.000623438187755177	2.05805509910859
103_78_hsa-miR-484	103	78	hsa-miR-484	-0.363588395138061	7.19520167347762	-4.44416689367969	1.7828023943387e-05	0.000429917365917948	2.51814237690886
9_51_hsa-miR-532-3p	9	51	hsa-miR-532-3p	0.24920649583055	7.18959309553179	2.68078764952147	0.00822897487360246	0.0494105693436835	-3.1427971374713
97_37_hsa-miR-24-1*	97	37	hsa-miR-24-1*	0.28622661894136	7.15427592910671	2.99673833585132	0.00323016635652677	0.0244186058951821	-2.30500157456019
162_25_hsa-miR-371-5p	162	25	hsa-miR-371-5p	-0.422356182193505	7.1067626347019	-3.63719507697541	0.000386790721952554	0.00501895463316641	-0.361039161260159
160_34_hsa-miR-18b	160	34	hsa-miR-18b	0.270764344179692	7.081601499698	2.82958257612339	0.00534801188950125	0.0359634422714287	-2.75857304922294
73_57_hsa-miR-144	73	57	hsa-miR-144	-0.675186920392701	7.07415452625563	-4.17114133360395	5.29527787542334e-05	0.00100925296163876	1.49373996340079
20_82_hsa-miR-195*	20	82	hsa-miR-195*	-0.474309736684497	7.03359543138364	-2.87924278687312	0.0046142095356911	0.0323210845977405	-2.62622553413526
49_32_hsa-miR-652	49	32	hsa-miR-652	-0.240341713730949	6.98535134094768	-3.4114502948331	0.000845348241958843	0.00899921356313148	-1.08254787939611
99_45_hsa-miR-149	99	45	hsa-miR-149	-0.326265880845658	6.97938516673441	-2.68474376886581	0.00813701628977754	0.0490483117001243	-3.13282248354427
113_58_hsa-miR-769-5p	113	58	hsa-miR-769-5p	-0.244523988665117	6.80214518321011	-2.97919952137615	0.00340901976331921	0.0253343750644005	-2.35366907391157
107_39_hsa-miR-153	107	39	hsa-miR-153	0.887944094603627	6.79275714824547	5.83429676681857	3.59619679598938e-08	2.62991435254528e-06	8.4274054625307
9_32_hsa-miR-623	9	32	hsa-miR-623	-0.376251119217142	6.77217737035579	-3.46288109415163	0.000709665063189394	0.00784655142997246	-0.921567658269436
86_43_hsa-miR-194	86	43	hsa-miR-194	-0.327395883415996	6.76854513754489	-3.04010049562373	0.00282443118925847	0.022070584252417	-2.18360458854504
134_33_hsa-miR-20a*	134	33	hsa-miR-20a*	0.365466515867346	6.67147499772997	3.76838145901951	0.000241569497267093	0.00347653385585669	0.0757277915392942
104_57_hsa-miR-1228	104	57	hsa-miR-1228	-0.254076953293032	6.67020689804829	-3.08950950960007	0.00241972187388295	0.0196973850786261	-2.04342405274055
12_46_hsa-miR-744*	12	46	hsa-miR-744*	-0.40031425996403	6.60562071731326	-2.78034427629597	0.00617928673814596	0.0401295764230174	-2.88777202688822
54_38_hsa-miR-615-3p	54	38	hsa-miR-615-3p	-0.414880457322508	6.50423359936471	-2.99110201392104	0.00328667824766235	0.0246381852370722	-2.32066883036081
192_51_hsa-miR-28-3p	192	51	hsa-miR-28-3p	-0.327371625663716	6.48943238775156	-3.35256751374078	0.00103042529822964	0.0103938551821424	-1.26435528304539
95_32_hsa-miR-136*	95	32	hsa-miR-136*	0.241706549060371	6.4507195430124	2.9464983725049	0.00376703430241691	0.0275185741440401	-2.44373904362392
185_11_hsa-miR-513b	185	11	hsa-miR-513b	-0.365367087203955	6.43829452292388	-2.76441429132521	0.00647241541534301	0.0414108293282099	-2.92913803271984
1_77_hsa-miR-1229	1	77	hsa-miR-1229	-0.651221867681994	6.43021966717502	-4.07499252068604	7.68197288541718e-05	0.00134770048430474	1.14491538020289
35_32_hsa-miR-598	35	32	hsa-miR-598	0.264412134799489	6.39157002034007	3.12430787056115	0.00216764729936045	0.0182413146092522	-1.94351700206485
166_23_hsa-miR-30c-1*	166	23	hsa-miR-30c-1*	-0.198752270959757	6.38384530824135	-3.41547549796542	0.000833908810057572	0.0089126901891459	-1.07002200172885
143_11_hsa-miR-1225-3p	143	11	hsa-miR-1225-3p	-0.265148058717053	6.37206236773434	-3.20761457470174	0.00165971557539008	0.0149485493858427	-1.70041181834529
169_1_hsa-miR-106a*	169	1	hsa-miR-106a*	0.359537087201132	6.3711697720988	3.90686263006786	0.000145110218893043	0.00228107839418784	0.550361955725143
39_39_hsa-miR-16-2*	39	39	hsa-miR-16-2*	-0.238038276375743	6.34600331968501	-4.35248703552496	2.58301428189853e-05	0.000566075572919	2.16866231164458
186_20_hsa-miR-887	186	20	hsa-miR-887	-0.282382765351584	6.34039828434322	-4.34688268246166	2.64177936089122e-05	0.000575024669033538	2.14747693545692
161_54_hsa-miR-505	161	54	hsa-miR-505	-0.156843003445763	6.33769363403874	-3.10890647936947	0.00227605222820323	0.0189052831991991	-1.98785465667997
122_77_hsa-miR-135a*	122	77	hsa-miR-135a*	-0.396828805559175	6.32108039678486	-2.99521659646193	0.00324533504527807	0.0245057398256239	-2.3092340952627
106_38_hsa-miR-141*	106	38	hsa-miR-141*	0.304149097034624	6.31160621027109	3.23135058265045	0.001536703105529	0.0140286979362808	-1.63013734355896
127_43_hsa-miR-760	127	43	hsa-miR-760	-0.188810177653584	6.31000705748976	-2.74352721759646	0.00687590858092566	0.0432346849836148	-2.9830540596414
149_52_hsa-miR-148a*	149	52	hsa-miR-148a*	0.384498009925937	6.29522420304369	5.06957789346413	1.24357550448899e-06	4.66115654273086e-05	5.04209793356789
89_70_hsa-miR-221*	89	70	hsa-miR-221*	0.276605531678725	6.27849048027312	2.95423532150826	0.00367934022509365	0.0270246736183735	-2.42250787136098
13_81_hsa-miR-193a-5p	13	81	hsa-miR-193a-5p	-0.186411299133705	6.26028793421312	-3.02935103414101	0.00292037710802254	0.0226493339282717	-2.21384107631624
71_60_hsa-let-7a*	71	60	hsa-let-7a*	-0.256820848327114	6.23866664120769	-2.85326887743947	0.00498565869983151	0.0342106187990478	-2.69570256730685
120_46_hsa-miR-495	120	46	hsa-miR-495	0.299335512592814	6.23415979183418	3.60864317105644	0.000427842184212494	0.00539554304663853	-0.454413648561824
5_58_hsa-miR-548d-5p	5	58	hsa-miR-548d-5p	-0.40463975122218	6.20898034908341	-2.67811004182551	0.00829174722183553	0.0496961195685864	-3.1495407358971
18_82_hsa-miR-382	18	82	hsa-miR-382	-0.351333344047402	6.19682388565366	-3.03975803951579	0.00282744242284222	0.0220811312562333	-2.18456930508967
134_41_hsa-miR-198	134	41	hsa-miR-198	-0.296597870848418	6.17086373645287	-3.10639885977349	0.00229417052064541	0.0189971437081875	-1.99505561178909
140_46_hsa-miR-513c	140	46	hsa-miR-513c	-0.325733535283997	6.15657918178966	-2.82634911455418	0.00539930031109748	0.0361817654313385	-2.76711946524034
99_62_hsa-miR-132*	99	62	hsa-miR-132*	0.177407742080979	6.15204164007045	2.69980811018138	0.00779530040850143	0.0474202361197085	-3.09471929317741
9_65_hsa-miR-933	9	65	hsa-miR-933	-0.338324374391257	6.14980628448903	-3.49606642670638	0.000633274629896755	0.00719100710539302	-0.816624205073444
78_36_hsa-miR-486-5p	78	36	hsa-miR-486-5p	-0.662093743846474	6.14392517714627	-5.96790320523991	1.88096064351581e-08	1.63291654317088e-06	9.04888987528951
159_52_hsa-miR-564	159	52	hsa-miR-564	-0.246276570343304	6.10730041886506	-3.11531973514612	0.00223031556311772	0.0186520361822946	-1.96941521841869
109_21_hsa-miR-149*	109	21	hsa-miR-149*	-0.286362822557068	6.10443971836031	-3.65532929778882	0.000362680703902192	0.00480337751152352	-0.301419396324171
85_15_hsa-miR-23a*	85	15	hsa-miR-23a*	-0.142962026797148	6.09852204902364	-2.8655397828656	0.00480689463747756	0.0333066808660649	-2.66294897765228
99_66_hsa-miR-423-3p	99	66	hsa-miR-423-3p	-0.138414745453303	6.0702481509646	-3.10260682469673	0.00232182287002284	0.019150244556024	-2.0059353478991
157_47_hsa-miR-345	157	47	hsa-miR-345	-0.250545294108968	6.06173635216812	-3.17484304432335	0.00184464719600544	0.0161388638943103	-1.79670437343654
161_25_hsa-miR-296-5p	161	25	hsa-miR-296-5p	-0.216010134993371	6.03141073192429	-3.94885908027582	0.000124012030040605	0.0019936748819909	0.697011463092626
187_55_kshv-miR-K12-10a	187	55	kshv-miR-K12-10a	-0.308218489301447	6.02169515101378	-4.01594858570631	9.62503261290047e-05	0.00162095668134154	0.933865098111951
155_27_hsa-miR-1238	155	27	hsa-miR-1238	-0.206607361965834	6.02137558756591	-4.24536609202415	3.95713026507796e-05	0.000790016985858887	1.76732600853933
79_57_hsa-miR-196a	79	57	hsa-miR-196a	-0.583697510520798	6.00637207590496	-7.55811692384402	4.90183310843304e-12	1.15717660187851e-09	16.9977944014952
5_37_hsa-miR-605	5	37	hsa-miR-605	-0.418940452194757	6.0033838759977	-3.27745726927739	0.00132164639438262	0.0125063810708949	-1.49236188259252
31_55_hsa-miR-769-3p	31	55	hsa-miR-769-3p	-0.286726994336329	6.00007192469039	-3.00702109712771	0.00312936715519337	0.0238847217471821	-2.276352019758
19_2_hiv1-miR-H1	19	2	hiv1-miR-H1	-0.332264324956212	5.92486736178666	-3.19590408174236	0.00172372316946899	0.0153707216490223	-1.73491854647014
12_25_hsa-miR-200c*	12	25	hsa-miR-200c*	-0.235282532855627	5.92301627543881	-2.69320793744141	0.00794338499752468	0.0481252537265611	-3.11143713117273
125_74_hsa-miR-194*	125	74	hsa-miR-194*	-0.188328437722571	5.92163490468985	-2.713670281927	0.00749239173217304	0.0460396780390422	-3.05948753721928
15_17_hsa-miR-200a*	15	17	hsa-miR-200a*	-0.151919809096197	5.89826774077132	-2.85996686396273	0.00488734223061638	0.0337078816274597	-2.6778397121113
1_46_hsa-miR-613	1	46	hsa-miR-613	-0.464325994677275	5.89815788597173	-3.13831812444932	0.00207320922139071	0.0176340728717026	-1.90301922945549
51_65_hsa-miR-129-5p	51	65	hsa-miR-129-5p	-0.190462588004529	5.88715657213021	-2.95889429934513	0.00362744229439719	0.0267164003904809	-2.40969940474271
91_34_hsa-miR-7-1*	91	34	hsa-miR-7-1*	0.195897321201038	5.8826529094034	2.74092786988762	0.00692768923878868	0.0434587349170818	-2.98973816149688
30_2_hsa-miR-335*	30	2	hsa-miR-335*	-0.327504829788593	5.87795509981824	-2.83675041396654	0.00523589916810165	0.0354397682122615	-2.73959663232787
1_9_ebv-miR-BART7	1	9	ebv-miR-BART7	-0.336736347835646	5.87365177427988	-4.39420925977846	2.18337192104454e-05	0.000496274536648232	2.32702657703597
192_7_hsa-miR-425*	192	7	hsa-miR-425*	-0.143482726078623	5.86593681819898	-3.11489361413272	0.00223332788051626	0.0186540409436541	-1.97064142722508
72_49_hsa-miR-135b	72	49	hsa-miR-135b	-0.51273716358361	5.8619632564465	-2.70346393572363	0.00771435674124827	0.047003714508155	-3.08544347789666
114_60_hsa-miR-584	114	60	hsa-miR-584	-0.15032374144191	5.85698804771271	-2.87704278927187	0.00464466066475576	0.0324836558757555	-2.63213189224144
37_82_hsa-miR-1236	37	82	hsa-miR-1236	-0.354868941176743	5.81308444073054	-2.75645501943352	0.00662356181883841	0.0421521018679036	-2.94972654490139
17_5_hcmv-miR-UL148D	17	5	hcmv-miR-UL148D	-0.298837712752687	5.77818330957432	-4.1480273624523	5.79389475173546e-05	0.00108131272925593	1.40930577475612
14_81_hsa-miR-645	14	81	hsa-miR-645	-0.273331440325755	5.76572382798961	-2.88385793779453	0.00455092213569234	0.0319609646439854	-2.61382219382101
102_61_hsa-miR-636	102	61	hsa-miR-636	-0.112406503749944	5.7623844129014	-3.09513940274794	0.00237718105737546	0.019457024518275	-2.02732638888346
2_9_hsa-miR-662	2	9	hsa-miR-662	-0.262067596003157	5.76071418567005	-3.45329604290531	0.000733290790832548	0.0080416959098963	-0.95172268241744
77_2_hsa-miR-490-5p	77	2	hsa-miR-490-5p	-0.148692312899973	5.75002572242916	-2.70166427037925	0.00775410752313483	0.0471909863551797	-3.09001112412124
177_60_hsa-miR-191*	177	60	hsa-miR-191*	-0.150948370767613	5.74880163953132	-3.14387717436839	0.00203680610389236	0.0173683542040403	-1.88690687046586
53_70_hsa-miR-33b*	53	70	hsa-miR-33b*	-0.133611616253534	5.73971949569257	-3.111312675899	0.00225879139205556	0.018808352086324	-1.9809402089472
151_5_hsa-miR-499-5p	151	5	hsa-miR-499-5p	0.213417452036572	5.73753043184853	3.38902066770781	0.000911832521218274	0.00951871094298922	-1.15211749285922
21_41_hsa-miR-422a	21	41	hsa-miR-422a	-0.19722633750665	5.71537799181868	-2.92161042397676	0.00406230994006989	0.0292625495468846	-2.51170186669563
75_37_hsa-miR-129-3p	75	37	hsa-miR-129-3p	-0.197029447758391	5.70079840491836	-4.07650461723858	7.63751010239018e-05	0.00134164929422666	1.15035205422926
35_34_hsa-miR-193b*	35	34	hsa-miR-193b*	-0.124705660995803	5.70039475507387	-2.856629312975	0.00493610875926727	0.0339877705226232	-2.68674527092167
1_52_hsa-miR-154	1	52	hsa-miR-154	-0.140832402975513	5.69214200715039	-3.00640910194172	0.00313528431128691	0.0239027680978338	-2.27805955133935
119_64_hsa-miR-216a	119	64	hsa-miR-216a	-0.196450113012167	5.68583983040089	-2.91336380263336	0.00416473902185042	0.0298724564381766	-2.53410913296649
118_5_hsa-miR-34c-3p	118	5	hsa-miR-34c-3p	-0.305351828143829	5.68127611930823	-3.43367048325649	0.000783987099276382	0.00844622130333306	-1.01324650278386
17_81_hsa-miR-29a*	17	81	hsa-miR-29a*	-0.155865036916376	5.67926475147776	-2.97324045926434	0.00347183246706734	0.02568278047106	-2.37014745465107
21_50_hsa-miR-19b-1*	21	50	hsa-miR-19b-1*	-0.174284799010701	5.67858504942702	-3.24049398228605	0.00149162369998773	0.0137192676056288	-1.60294810427706
66_42_hsa-miR-1237	66	42	hsa-miR-1237	-0.122113044034326	5.67133289216073	-3.61931306190666	0.000412042062639706	0.00527037832212916	-0.419590508396901
1_5_hsa-miR-15a*	1	5	hsa-miR-15a*	-0.309505261007124	5.66890587667352	-3.49783903702405	0.000629419998091843	0.00717144411035041	-0.810995041153384
3_72_hsa-miR-625*	3	72	hsa-miR-625*	-0.243261097298947	5.65979857159738	-3.66670688935635	0.000348286539908362	0.00463555260238073	-0.263888937797041
36_82_hsa-miR-708	36	82	hsa-miR-708	-0.360743099936884	5.65869622515077	-6.96702776625649	1.16902251259841e-10	2.27976332311945e-08	13.9368849040636
165_1_hsa-miR-583	165	1	hsa-miR-583	-0.13739701892633	5.64243071774091	-2.79114644259456	0.00598744530662846	0.0391482332584998	-2.85960085066847
28_42_hsa-miR-550	28	42	hsa-miR-550	-0.156135401888477	5.638650905042	-3.26705959182886	0.00136753827343813	0.0128323535616343	-1.52357798854574
176_59_hsa-miR-508-5p	176	59	hsa-miR-508-5p	-0.33872587282768	5.6141164869757	-3.1621020489375	0.00192157755790588	0.0166602755278232	-1.83391093375826
164_2_hsa-miR-492	164	2	hsa-miR-492	-0.197171026390232	5.61136298908886	-2.85610420148246	0.00494382178332951	0.0340102586485081	-2.68814558120144
1_42_hsa-miR-26b*	1	42	hsa-miR-26b*	-0.148916804249621	5.60286476493679	-3.3408018267158	0.00107168424459028	0.0106977620142484	-1.30036166404139
18_79_hsa-miR-431*	18	79	hsa-miR-431*	-0.36879840676536	5.59764543016946	-5.02979503844756	1.4829285069777e-06	5.40766557991651e-05	4.87460463658264
180_21_hsa-miR-330-3p	180	21	hsa-miR-330-3p	-0.11244425689137	5.59215242897119	-2.71114703900182	0.00754672127019845	0.0463058282771502	-3.06591261623419
107_40_hsa-let-7e*	107	40	hsa-let-7e*	-0.117945214744284	5.5827432064485	-2.71090540179707	0.00755194280071216	0.0463167467303477	-3.06652762933918
27_16_hsa-miR-520f	27	16	hsa-miR-520f	-0.130343473639288	5.5798168730575	-2.8205676492267	0.00549212470609072	0.0366941559310609	-2.78237887681744
178_82_hsa-miR-509-5p	178	82	hsa-miR-509-5p	-0.1473202063428	5.57392742010211	-2.83836743810968	0.00521090570199051	0.0353595295642886	-2.73530975781667
6_4_hsa-miR-550*	6	4	hsa-miR-550*	-0.20932759676529	5.56394964467662	-3.77353047565661	0.000237090036926893	0.00342672775175969	0.0931278508187976
90_47_hsa-miR-181a-2*	90	47	hsa-miR-181a-2*	-0.128519290776949	5.55094275441666	-2.75560441854235	0.00663990299554125	0.0422232296279221	-2.95192368076158
137_41_hsa-miR-634	137	41	hsa-miR-634	-0.14641393935456	5.5480241464456	-3.5847706020425	0.000465287880050573	0.00574843655301843	-0.53201824465893
63_36_hsa-miR-593	63	36	hsa-miR-593	-0.162929926378858	5.54407163953529	-2.82843017895799	0.00536623972688838	0.0360327222186434	-2.76161996637814
16_14_hsa-miR-1226	16	14	hsa-miR-1226	-0.277446624697306	5.54348333611005	-3.00203193770644	0.00317790697107574	0.0241320068864533	-2.29026342526615
79_42_hsa-miR-106b*	79	42	hsa-miR-106b*	-0.220004769921503	5.54065617013971	-4.14979490938517	5.75423058928523e-05	0.00107689745214773	1.4157496854953
62_49_hsa-miR-628-5p	62	49	hsa-miR-628-5p	0.135531343584363	5.53628875142156	3.22801814355254	0.00155344591852038	0.0141333118861462	-1.64003044613257
33_38_hsa-miR-181a*	33	38	hsa-miR-181a*	-0.119080872735035	5.50653456028314	-2.86751205614974	0.00477871539069698	0.033248394155749	-2.65767294117987
162_39_hsa-miR-30d*	162	39	hsa-miR-30d*	-0.135184514369927	5.49968024686358	-4.09275917281667	7.17482344275952e-05	0.00127367314308406	1.20889423227843
122_48_kshv-miR-K12-7	122	48	kshv-miR-K12-7	-0.161773495188819	5.49285995932515	-3.60161944050303	0.000438553241269798	0.00550996490618712	-0.477290515747376
96_38_hsa-let-7f-2*	96	38	hsa-let-7f-2*	-0.0947948302793162	5.49194194261516	-2.97542083414387	0.00344872730307415	0.0255821800386801	-2.36412150471318
104_51_hsa-miR-363*	104	51	hsa-miR-363*	0.138365881242391	5.49037889196293	3.04501498805098	0.00278154257475392	0.0218624047230658	-2.16974975498054
126_1_hsa-let-7g*	126	1	hsa-let-7g*	-0.0783963692454028	5.47813964462759	-2.73160444925671	0.00711634311446622	0.0443732682800081	-3.01366619005944
36_64_hsa-miR-920	36	64	hsa-miR-920	0.12561032077548	5.47798334952656	2.75544972498957	0.0066428787992205	0.0422232296279221	-2.95232319512794
142_20_hsa-let-7i*	142	20	hsa-let-7i*	-0.0879847002262029	5.47715037893137	-2.81919949506934	0.00551430308307476	0.0367956052016453	-2.78598586863181
72_38_hsa-miR-184	72	38	hsa-miR-184	-0.117398662336958	5.46521108371635	-2.72848124160462	0.00718057419707882	0.0447323177758762	-3.02166537891815
47_4_hsa-miR-876-5p	47	4	hsa-miR-876-5p	-0.152793380093205	5.46017127215814	-3.11220416669556	0.00225242712175637	0.0187728838186931	-1.97837724169094
57_60_hsa-miR-154*	57	60	hsa-miR-154*	0.11566027472974	5.45421606565882	3.08459786902946	0.00245740949389703	0.0199679360808444	-2.05744718381208
21_5_hsa-miR-518e*	21	5	hsa-miR-518e*	-0.105759326329695	5.44521082595102	-2.9010202365404	0.00432248638455347	0.0306687506149403	-2.56754381919906
92_29_hsa-miR-592	92	29	hsa-miR-592	-0.14537366768541	5.44359738652818	-2.72157224256267	0.00732453537765414	0.0453734567569559	-3.03933160495022
87_1_hsa-miR-26a-1*	87	1	hsa-miR-26a-1*	-0.104959120378386	5.43680052175999	-3.64681388722229	0.000373819747206568	0.00489560620026929	-0.329445841464653
47_17_hsa-miR-183*	47	17	hsa-miR-183*	-0.139471250915654	5.4349463033553	-3.56568841714151	0.000497420059152011	0.00600294557484257	-0.593743432492352
82_37_hsa-miR-127-5p	82	37	hsa-miR-127-5p	0.13498354149977	5.42251616248832	3.0604543363199	0.00265068444663946	0.0211301006599411	-2.12609641932712
76_1_hsa-miR-16-1*	76	1	hsa-miR-16-1*	-0.204807860434623	5.42239046828076	-4.10558184014743	6.82885945472801e-05	0.00122846434255107	1.25520461697749
126_41_hsa-miR-520e	126	41	hsa-miR-520e	-0.125534561200745	5.41763514175737	-2.90594167622089	0.00425894667577138	0.0303058627547222	-2.5542282867956
154_1_hsa-miR-525-5p	154	1	hsa-miR-525-5p	-0.113765100891285	5.41161675855618	-3.20186877039205	0.00169083983224794	0.015175890333284	-1.71735626762347
123_1_ebv-miR-BART15	123	1	ebv-miR-BART15	-0.174313902911521	5.40985653030757	-4.68160894717154	6.66385126515344e-06	0.000197508331770715	3.44826735716098
35_44_hsa-miR-433	35	44	hsa-miR-433	-0.112317562445321	5.40536642277862	-3.14738199525411	0.00201416061420703	0.0172408048503625	-1.87673580991161
154_3_hsa-miR-302c*	154	3	hsa-miR-302c*	-0.129303242877629	5.40222229400539	-4.51839269034879	1.31549729622967e-05	0.000343287406133238	2.80506985832776
111_73_hsa-miR-616	111	73	hsa-miR-616	-0.101512291389621	5.38950688635386	-2.9332856646179	0.00392124399561429	0.0283984172255037	-2.47988297328374
18_25_hsa-miR-298	18	25	hsa-miR-298	-0.148754962224103	5.38198198979411	-3.1003632434834	0.00233832849717964	0.0192443720232717	-2.0123669763927
14_63_hsa-miR-302c	14	63	hsa-miR-302c	-0.142476089265807	5.38097667518554	-3.11870185170186	0.00220653997179642	0.0184991911903381	-1.95967765555299
2_22_hsa-miR-891a	2	22	hsa-miR-891a	-0.161828694379096	5.38089578175576	-2.91703251714225	0.00411888191265644	0.0295984695345913	-2.52414760925539
78_38_hsa-miR-487a	78	38	hsa-miR-487a	0.0871237497632933	5.37665972930901	2.75055544762473	0.00673765688575057	0.0426644287316045	-2.96495287842679
190_30_hsa-miR-125b-1*	190	30	hsa-miR-125b-1*	-0.402086242529553	5.37655244793973	-5.20982724887583	6.64035668321597e-07	2.75779751633809e-05	5.63969866068933
192_22_hsa-miR-192*	192	22	hsa-miR-192*	-0.0875093640804696	5.37399079914188	-2.8426930970389	0.00514458095873237	0.0350181561077693	-2.72383137942781
128_51_hsa-miR-190b	128	51	hsa-miR-190b	-0.104021778129403	5.37253349707107	-2.99567679937418	0.00324074084048488	0.0244847887420351	-2.30795429942959
135_46_hsa-miR-10a*	135	46	hsa-miR-10a*	-0.0852484035810912	5.37151374023881	-3.09477614939827	0.00237990486257349	0.0194674771007835	-2.02836581522382
45_4_ebv-miR-BART11-3p	45	4	ebv-miR-BART11-3p	-0.140884053447792	5.36293831912865	-3.12507200225186	0.00216239547680873	0.0182209149373435	-1.94131226605218
1_16_hsa-miR-489	1	16	hsa-miR-489	-0.118027685090656	5.3527741897925	-3.92193560660301	0.00013717245656537	0.00217407841642358	0.602852189724151
31_2_hsa-miR-876-3p	31	2	hsa-miR-876-3p	-0.148214990920223	5.35226984049755	-4.10113802136721	6.9469098206381e-05	0.00124636824728675	1.23914249868005
34_81_hsa-miR-18b*	34	81	hsa-miR-18b*	-0.150603274312906	5.35039950788162	-4.0713424202858	7.7903246275638e-05	0.00136315485290635	1.13179812212903
85_13_hsa-miR-138	85	13	hsa-miR-138	-0.0975959185608666	5.34423992016595	-3.68565320149263	0.000325508659604796	0.00443324344498192	-0.201179723027985
139_54_hsa-miR-571	139	54	hsa-miR-571	-0.11113760726988	5.34394273273135	-2.96250441336717	0.00358769165454744	0.0264670936971438	-2.39976226494457
5_52_hsa-miR-619	5	52	hsa-miR-619	-0.226985199858659	5.3372531657645	-3.454419062297	0.000730485005011861	0.00802400508362416	-0.948193238874666
49_1_hsa-miR-520g	49	1	hsa-miR-520g	-0.115798411945633	5.33380839918296	-2.83842184517411	0.0052100666591943	0.0353595295642886	-2.73516548209809
192_12_hsa-miR-137	192	12	hsa-miR-137	-0.149811344443534	5.33178444927686	-3.02423861590191	0.002967055870302	0.0229291637215688	-2.22818861797432
1_11_hsa-miR-921	1	11	hsa-miR-921	-0.177776016207734	5.33108862516822	-3.70679433018112	0.000301757674660497	0.00416456540536579	-0.130893626106523
61_1_hsa-miR-938	61	1	hsa-miR-938	-0.0917676890413226	5.327696856391	-2.71895590733626	0.00737973108593072	0.0456187800495678	-3.04601104970988
112_71_hsa-miR-654-5p	112	71	hsa-miR-654-5p	0.0780251137681529	5.32404240969611	2.97410605957977	0.00346264281612999	0.0256429949003001	-2.36775564062487
134_51_hsa-miR-671-3p	134	51	hsa-miR-671-3p	-0.0940978388401503	5.32196594711227	-3.55296109450095	0.000520001772834716	0.00623076033416201	-0.634760517040004
20_79_hsa-miR-493*	20	79	hsa-miR-493*	-0.115066546017825	5.31925920766443	-2.98525251696646	0.00334628893156485	0.024987604807512	-2.33690128048738
151_29_hsa-miR-509-3p	151	29	hsa-miR-509-3p	-0.101870930567293	5.3186452859546	-3.04125030050848	0.00281434253629899	0.0220045282791628	-2.18036483435696
2_5_hsa-miR-888	2	5	hsa-miR-888	-0.139297605353903	5.31823109624655	-2.9348024131158	0.00390325166347339	0.0282985745601821	-2.4757411176549
150_49_hsa-miR-503	150	49	hsa-miR-503	-0.0731986277927978	5.31821936410559	-2.70909016058426	0.00759127308538783	0.0465046730440652	-3.07114619263541
124_82_hsa-miR-18a*	124	82	hsa-miR-18a*	-0.135459932985377	5.3149960821112	-3.39411361147654	0.000896320079145935	0.00940053233436298	-1.1363547974477
29_82_NC1_00000215	29	82	NC1_00000215	-0.164171808785356	5.31380571932474	-2.81080214850699	0.0056522266462757	0.0375401588115922	-2.80809043294837
140_74_hsa-miR-99a*	140	74	hsa-miR-99a*	-0.0906017650773272	5.31344428525107	-3.38462303735979	0.00092542908260756	0.00963076081637071	-1.16571209309296
1_39_hsa-miR-548b-3p	1	39	hsa-miR-548b-3p	-0.111966034423796	5.31041049051644	-3.07931201156467	0.00249857453765125	0.0202169687183615	-2.07251704507719
15_1_NC2_00079215	15	1	NC2_00079215	-0.0948563934115234	5.30988564756938	-3.25300576184631	0.00143193069504141	0.0132700133832488	-1.56563577982965
148_39_hsa-miR-130b*	148	39	hsa-miR-130b*	-0.0838408497706595	5.3093713718918	-2.99498954902778	0.00324760386817829	0.0245091181436944	-2.30986543660831
132_82_NC1_00000197	132	82	NC1_00000197	-0.107240256659367	5.30729758065478	-3.29048739106262	0.00126616321878584	0.0121090918777414	-1.45312298813616
30_82_hsa-miR-637	30	82	hsa-miR-637	-0.208213807506397	5.30728990025545	-4.40785367801605	2.06610768352358e-05	0.00047933698257747	2.37906318294779
2_58_hsa-miR-325	2	58	hsa-miR-325	-0.140120195834971	5.30579060961306	-2.91900881041142	0.00409437159894854	0.029446212846313	-2.51877686617198
175_8_hsa-miR-873	175	8	hsa-miR-873	-0.0885163936910791	5.30226909423745	-3.09032576204452	0.00241351072819223	0.0196825456718513	-2.04109170562233
56_81_hsa-miR-641	56	81	hsa-miR-641	-0.0958911716327346	5.29237147448926	-3.02392464918878	0.0029699448386725	0.0229291637215688	-2.22906904644684
99_19_hsa-miR-1233	99	19	hsa-miR-1233	-0.0825273421222938	5.29036626074397	-2.73712020842559	0.00700417958935403	0.0438976434812985	-2.99951913617655
35_1_hsa-miR-576-5p	35	1	hsa-miR-576-5p	-0.103690163367598	5.2902812140935	-3.0721997152502	0.0025549699682984	0.0205866322715109	-2.09275853378931
132_51_hsa-miR-15b*	132	51	hsa-miR-15b*	-0.0907873973547626	5.29014532537259	-3.37831474977625	0.000945264828138706	0.00977669756144076	-1.18518713219475
42_1_hsa-miR-624*	42	1	hsa-miR-624*	-0.105798793316221	5.28519760119495	-3.86415000057096	0.000170047080313642	0.00261204738892736	0.402498246054801
75_24_hsa-miR-369-5p	75	24	hsa-miR-369-5p	0.0823305342715654	5.28492913480659	2.98061030560762	0.00339430299831851	0.0252480603346456	-2.34976364043847
65_58_hsa-miR-138-1*	65	58	hsa-miR-138-1*	0.0734567301219191	5.28019022662538	2.926510287769	0.00400254982760008	0.0289405214831739	-2.49836175032418
63_1_hsa-miR-96*	63	1	hsa-miR-96*	-0.0712172585435806	5.27010833356084	-3.14465140974346	0.00203178335857128	0.0173475107061771	-1.88466086763027
58_1_hsa-miR-582-3p	58	1	hsa-miR-582-3p	-0.0956669908993715	5.26997761264277	-3.31761868219614	0.00115753924374345	0.0113607582100887	-1.37099391093085
5_21_hsa-miR-519a	5	21	hsa-miR-519a	-0.132725634509594	5.26592428493725	-3.57181336690988	0.00048688517128849	0.00592362284345201	-0.573960814027595
32_82_hsa-miR-519b-3p	32	82	hsa-miR-519b-3p	-0.162257661703039	5.2638474185981	-3.99158412738513	0.000105565571865551	0.0017450741216497	0.847483233258012
88_16_hsa-miR-585	88	16	hsa-miR-585	-0.0896844642931423	5.26319557560961	-3.27014896115116	0.00135375001014841	0.0127474178702288	-1.51431188022021
64_76_hsa-miR-374b*	64	76	hsa-miR-374b*	0.0645806554679185	5.26275109941034	2.67431539277367	0.00838144861388783	0.0499914771934728	-3.15908722615681
7_26_hsa-miR-521	7	26	hsa-miR-521	-0.117214251671764	5.26118687190755	-3.63527160943998	0.000389435018638744	0.00503384977022376	-0.367348613995912
37_2_hsa-miR-217	37	2	hsa-miR-217	-0.159718898134301	5.25766038116859	-5.1198038514259	9.94536453569856e-07	3.87898044035826e-05	5.25484268038139
16_1_hsa-miR-552	16	1	hsa-miR-552	-0.0786275791317066	5.25648411225388	-3.31340906395238	0.00117380218025176	0.0114786934138573	-1.38377449229346
64_74_hsa-miR-185*	64	74	hsa-miR-185*	-0.084844589081456	5.25627666976118	-2.74940778545491	0.00676005852597529	0.0427660308065461	-2.96791151132121
5_57_hsa-miR-520a-3p	5	57	hsa-miR-520a-3p	-0.137718672816006	5.25504658984686	-3.10249788627089	0.00232262181297794	0.019150244556024	-2.00624773281726
189_16_NegativeControl	189	16	NegativeControl	-0.12400199251261	5.2549959251096	-3.79723298328351	0.000217466621047704	0.00318414673864843	0.173474009489531
7_79_hsa-miR-520c-3p	7	79	hsa-miR-520c-3p	-0.104080824574356	5.25433689697993	-2.89179048915627	0.00444399741237101	0.0313573304566672	-2.59246215929042
8_82_hsa-miR-551a	8	82	hsa-miR-551a	-0.146138354807251	5.25294374571963	-3.33480729455518	0.00109329451845275	0.0108490355131837	-1.31866531857378
21_82_ebv-miR-BART11-5p	21	82	ebv-miR-BART11-5p	-0.141061359488523	5.25176809517595	-3.07627922121606	0.00252248015155504	0.020385881633228	-2.08115330496488
5_81_hsa-miR-520h	5	81	hsa-miR-520h	-0.14648342978779	5.25157453256016	-2.69279882555031	0.00795264729881012	0.0481596858923443	-3.11247217559599
26_2_hsa-miR-548c-3p	26	2	hsa-miR-548c-3p	-0.0816143380967409	5.24654376349365	-2.78572767582169	0.00608299155416707	0.039618942087547	-2.87374474663755
153_4_hsa-miR-519e	153	4	hsa-miR-519e	-0.0594525859492241	5.24647128039104	-3.19593084862232	0.00172357428489702	0.0153707216490223	-1.73483979772384
96_80_hsa-miR-100*	96	80	hsa-miR-100*	0.0815504434366128	5.24226804546213	3.03675708584473	0.00285395698268023	0.0222110151295229	-2.19301908497238
175_41_hsa-miR-302b	175	41	hsa-miR-302b	-0.0729411468741059	5.24197319498897	-2.77440112440639	0.00628720411020686	0.0405563847109029	-2.90322967927606
106_30_hsa-miR-668	106	30	hsa-miR-668	-0.0811152208609709	5.2400988647635	-3.6738987226011	0.000339468333404405	0.00455876835757453	-0.240116353410489
26_1_kshv-miR-K12-6-3p	26	1	kshv-miR-K12-6-3p	-0.0949654373484683	5.23958431786095	-4.44866813668594	1.75040798949654e-05	0.000423142172361607	2.53544154019183
81_1_hsa-miR-657	81	1	hsa-miR-657	-0.0619664468338312	5.23956738796025	-2.99957176323614	0.00320209661637561	0.0242568919957797	-2.29711574132758
1_29_hsa-miR-553	1	29	hsa-miR-553	-0.079793595669297	5.23934134812309	-2.76401977031086	0.00647983285930058	0.0414216774131822	-2.93015980406886
12_5_hsa-miR-943	12	5	hsa-miR-943	-0.144200526132115	5.23698447848089	-2.92082165547366	0.00407200611942749	0.0293167010931066	-2.5138474834874
124_59_hsa-miR-942	124	59	hsa-miR-942	-0.0662702601624021	5.23620481157862	-2.79319238388592	0.00595172717915966	0.0389650248388035	-2.85425421968287
48_2_hsa-miR-93*	48	2	hsa-miR-93*	-0.117280239227053	5.23591422992405	-3.35589061470439	0.00101904405321196	0.0102944870720872	-1.25416619176981
10_26_hsa-miR-147	10	26	hsa-miR-147	-0.123613089508742	5.23009922376276	-2.6750265180056	0.00836457187526089	0.0499350839190375	-3.15729912204905
54_10_hsa-miR-518a-3p	54	10	hsa-miR-518a-3p	-0.0931360544650732	5.22900133251629	-3.14104306145319	0.00205529040775146	0.0174927183597114	-1.89512435176912
15_82_hsa-miR-527	15	82	hsa-miR-527	-0.192683445520035	5.22843882348529	-4.00578178206795	0.000100037822634855	0.00167634986472554	0.897769179037743
10_35_hsa-miR-105*	10	35	hsa-miR-105*	-0.105009856374317	5.22725906208189	-3.0727484426767	0.00255057741512144	0.0205635528447418	-2.09119831484489
2_54_hsa-miR-302a*	2	54	hsa-miR-302a*	-0.0687076695106028	5.22691385884892	-2.8546892973685	0.00496465926568392	0.0341013042772041	-2.69191755644218
28_82_hsa-miR-767-5p	28	82	hsa-miR-767-5p	-0.112580513241022	5.22499509075852	-3.19712833947626	0.00171692573554256	0.0153304264747582	-1.73131617239456
52_34_hsa-miR-146a*	52	34	hsa-miR-146a*	-0.0847690339921479	5.22421785099433	-2.98194073352115	0.00338047806558634	0.0251730563644326	-2.34607916751369
188_18_hsa-miR-620	188	18	hsa-miR-620	-0.0829213365340418	5.217924862171	-2.69244731770531	0.00796061325038025	0.0481862401696431	-3.11336137003876
51_4_hsa-miR-196a*	51	4	hsa-miR-196a*	-0.0787561963352874	5.2144733384923	-2.89044760760053	0.0044619350875854	0.0314415524309247	-2.59608179713892
14_82_ebv-miR-BART3	14	82	ebv-miR-BART3	-0.115698077127972	5.21386759359972	-3.13690788805398	0.00208253951808109	0.0176910680273354	-1.90710273527869
14_80_hsa-miR-148b*	14	80	hsa-miR-148b*	-0.128574543113555	5.21243923098793	-2.90093309811978	0.00432361919712706	0.0306687506149403	-2.56777940263343
12_72_hsa-miR-187	12	72	hsa-miR-187	-0.0761742562282848	5.21051270882679	-2.68912627511467	0.00803623271338016	0.0485544931218079	-3.12175731618861
129_48_hsa-miR-105	129	48	hsa-miR-105	-0.0971925660873141	5.2104142670519	-3.35803992618907	0.00101174564696003	0.0102438295150445	-1.24757154460125
107_32_hsa-miR-589*	107	32	hsa-miR-589*	-0.0702848191638066	5.20937158634534	-2.81017914516556	0.00566258355636532	0.0375903918768879	-2.80972804105286
29_2_hsa-miR-562	29	2	hsa-miR-562	-0.098422333742318	5.20746125345319	-3.28258320086052	0.00129955462182982	0.0123320218556714	-1.47694152190069
12_82_hsa-miR-379*	12	82	hsa-miR-379*	-0.112512474386611	5.20225220377605	-2.80828305803757	0.00569421097267131	0.0376983751248407	-2.81471004920816
127_32_hsa-miR-556-3p	127	32	hsa-miR-556-3p	-0.0714766495698576	5.20121018174212	-2.95519537212434	0.00366859040548573	0.026960432821527	-2.41986995222613
6_27_hsa-miR-504	6	27	hsa-miR-504	-0.107529686100818	5.1998442859644	-3.10674905252702	0.00229163227775595	0.0189878103014064	-1.99405029092725
67_55_hcmv-miR-UL112	67	55	hcmv-miR-UL112	0.0744219255168783	5.19864902551918	3.05681538361893	0.00268100420348048	0.0213086784182123	-2.13640257123852
98_35_hsa-miR-380	98	35	hsa-miR-380	-0.0879142506804129	5.19817298195635	-4.44916334776297	1.74687887892021e-05	0.000423142172361607	2.53734553252674
105_53_hsa-miR-518d-3p	105	53	hsa-miR-518d-3p	-0.0658879438514859	5.19594135872283	-3.07900567413139	0.00250097966073072	0.0202242682180243	-2.07338971660202
12_81_hsa-miR-603	12	81	hsa-miR-603	-0.148804318721814	5.1958605984356	-3.21805539841604	0.00160451866238345	0.0145179277380201	-1.66955483460829
31_57_hcmv-miR-US5-1	31	57	hcmv-miR-US5-1	-0.0657095132006535	5.19417535944321	-2.69948655429743	0.0078024566518463	0.0474423211510365	-3.09553462731305
9_80_hsa-miR-608	9	80	hsa-miR-608	-0.10382328654766	5.19399162556854	-2.87067501817796	0.00473383927390576	0.0329873336456116	-2.64920496841851
162_57_ebv-miR-BHRF1-2*	162	57	ebv-miR-BHRF1-2*	-0.0607056240563866	5.19314310574407	-2.68669376451781	0.00809203227889449	0.0488060898004501	-3.12790104410833
176_44_NC2_00092197	176	44	NC2_00092197	-0.0597117761108126	5.19268670467642	-2.68199518671257	0.00820080692432497	0.0493074432411603	-3.13975395040238
28_43_hsa-miR-491-5p	28	43	hsa-miR-491-5p	-0.0657457433127342	5.19124396212141	-2.70894198373842	0.00759449176780793	0.0465046730440652	-3.07152307998355
9_22_hcmv-miR-US25-1*	9	22	hcmv-miR-US25-1*	-0.0797959623505027	5.19059994903427	-3.08242886066484	0.00247422475507687	0.0200682147705331	-2.06363369922168
37_41_hsa-miR-658	37	41	hsa-miR-658	0.0525388979983443	5.19029037461231	2.75635803012775	0.0066254232647604	0.0421521018679036	-2.94997710278026
167_57_hsa-miR-586	167	57	hsa-miR-586	-0.0625723657084154	5.19015511717512	-2.83246560067521	0.00530265744019121	0.0357619175396165	-2.75094554901551
69_82_hsa-miR-591	69	82	hsa-miR-591	-0.0796013601057952	5.18656441942007	-2.74650948878418	0.00681693294698956	0.0429878477590302	-2.97537829667833
24_16_hsa-miR-642	24	16	hsa-miR-642	-0.0678133775479162	5.18607446856835	-2.88511011381664	0.00453388868558556	0.0318698988623678	-2.61045390361774
149_43_hsa-miR-604	149	43	hsa-miR-604	-0.0702506961733591	5.18325722571799	-2.77499812800103	0.00627628659859009	0.0405053776837546	-2.90167825694479
4_26_NC2_00122731	4	26	NC2_00122731	-0.100923808837289	5.18317344846209	-3.18071048694712	0.00181019006233438	0.0159306196721854	-1.77952671174572
9_61_kshv-miR-K12-11	9	61	kshv-miR-K12-11	-0.0828491646102321	5.18225086630322	-2.83786533232377	0.00521865479165113	0.0353942635466016	-2.73664111728355
7_44_hsa-miR-302b*	7	44	hsa-miR-302b*	-0.0768465666433329	5.18169323228511	-3.35044791811611	0.00103774666165656	0.0104286176842798	-1.27084978657496
172_6_hsa-miR-643	172	6	hsa-miR-643	-0.0709539728851425	5.1719873498537	-2.69789860245882	0.00783788391127451	0.0476147024424875	-3.09955974315935
59_2_ebv-miR-BART8*	59	2	ebv-miR-BART8*	-0.0677707296282062	5.16827813785248	-2.84381984767603	0.0051274316958134	0.0349517329781485	-2.72083893353081
79_15_hsa-miR-570	79	15	hsa-miR-570	-0.0662434957621043	5.16669771474269	-3.00332093838586	0.00316530019580149	0.0240906557888602	-2.28667120998787
104_41_hsa-miR-509-3-5p	104	41	hsa-miR-509-3-5p	-0.0827137873827413	5.16192564450604	-3.19147031019721	0.00174855064638979	0.0155303613847004	-1.74795495891744
123_41_hsa-miR-644	123	41	hsa-miR-644	-0.0900449597163342	5.16052776827814	-3.08693712979643	0.00243939285743303	0.0198455080348361	-2.05077082561955
160_41_hsa-miR-561	160	41	hsa-miR-561	-0.111790797321576	5.1604048688584	-2.86313573591185	0.00484144843242481	0.0334612525110438	-2.66937569961185
175_45_hsa-miR-499-3p	175	45	hsa-miR-499-3p	-0.0627282476850355	5.15696685124053	-3.05868877189567	0.002665355349011	0.0212250101824357	-2.13109814272181
5_26_ebv-miR-BART19-5p	5	26	ebv-miR-BART19-5p	-0.0767160850999562	5.15644758026174	-3.30465638421507	0.00120830167936289	0.0117139102287515	-1.41030375868776
24_25_hcmv-miR-US5-2	24	25	hcmv-miR-US5-2	-0.0833001760397858	5.15627156647487	-3.68927958853447	0.000321312733311467	0.00438942552227319	-0.189146769678597
9_81_hsa-miR-220a	9	81	hsa-miR-220a	-0.130806931406802	5.1546760233616	-3.56823965175481	0.00049300610502152	0.00597504808063207	-0.585506771478383
62_2_ebv-miR-BART8	62	2	ebv-miR-BART8	-0.0672095310724892	5.15381029107986	-2.6939529165684	0.00792654373253799	0.0480448524617258	-3.10955198651316
7_25_hsa-miR-593*	7	25	hsa-miR-593*	-0.0892936761026348	5.14415845783158	-3.67762040724262	0.000334988331504792	0.00452116648819307	-0.227799331286752
48_38_hsa-miR-624	48	38	hsa-miR-624	-0.0700289702910486	5.14299561589471	-2.9921180605517	0.00327642419445821	0.0245887138653818	-2.31784644226605
62_36_hsa-miR-220b	62	36	hsa-miR-220b	0.0645003877673762	5.14091413670749	3.20415457403313	0.00167839349972927	0.0150764105022411	-1.71061853493436
141_44_hsa-miR-218-1*	141	44	hsa-miR-218-1*	-0.0641114751549852	5.13761952935899	-3.4491505206822	0.000743735940016481	0.00810584217018874	-0.964742951696144
66_74_hsa-miR-618	66	74	hsa-miR-618	-0.0725128555919308	5.13527012258288	-3.4389873568124	0.000769937183779808	0.0083215058192298	-0.996607842529892
134_67_hsa-miR-935	134	67	hsa-miR-935	-0.081060296841911	5.13364766858932	-3.06671338370342	0.00259927402244337	0.0208437611716317	-2.10834469520632
173_49_hsa-miR-124*	173	49	hsa-miR-124*	0.0574834707768277	5.13326033229916	2.67681039850105	0.00832237116060654	0.0498049998746474	-3.1528117211349
11_44_hsa-miR-626	11	44	hsa-miR-626	-0.0942638159278171	5.12847191679661	-2.84609751499502	0.00509292473509964	0.0347953613333568	-2.71478664366516
65_19_kshv-miR-K12-3*	65	19	kshv-miR-K12-3*	-0.0870314169161643	5.11193523260919	-4.2149072465027	4.46148445409794e-05	0.000873853490747335	1.65460771129383
