SystematicName	logFC	AveExpr	t	P.Value	adj.P.Val	B
hsa-miR-145-5p	-1.34155118148617	14.9307853718346	-8.11630101506122	2.24084832954009e-13	6.03057102445828e-11	19.9846552387399
hsa-miR-125b-5p	-0.458439618379325	14.5407068724218	-3.81945235277596	0.000200478961447587	0.00252116346283993	0.218516542155916
hsa-let-7b-5p	0.327196674015521	13.9564260195961	4.26263388788974	3.69598658963095e-05	0.000630355669827464	1.80338580582831
hsa-miR-141-3p	0.809227702080687	13.7607182634524	5.49504080822483	1.79572525172522e-07	6.34206797564688e-06	6.86841392985994
hsa-miR-26a-5p	-0.228597222924158	13.6643287429662	-3.20420542310937	0.00167811759466408	0.0141129689711249	-1.74416524753436
hsa-miR-23b-3p	-0.599955385219884	13.3924669074608	-4.91130403151262	2.49208617183761e-06	6.18699474690902e-05	4.35721613591893
hsa-miR-23a-3p	-0.346191103802381	13.0700914301541	-3.21886093736682	0.00160033182379673	0.0135947380183136	-1.70080069776085
hsa-miR-19b-3p	0.67510649747809	13.0621523088036	5.44735294357921	2.24108266537569e-07	7.73230983212699e-06	6.65631961368121
hsa-miR-200c-3p	0.880344432063342	12.7997626459388	6.20852688509482	5.73895775582264e-09	3.19060262476951e-07	10.1748504065211
hsa-miR-143-3p	-0.987042891559295	12.7958915710459	-5.8559106280972	3.24003163741365e-08	1.4188488717533e-06	8.51060253140761
hsa-miR-27b-3p	-0.587790930805639	12.711164877605	-5.88671251333607	2.79151608523389e-08	1.25859999003271e-06	8.65370746767281
hsa-miR-24-3p	-0.386612122756304	12.6849131511552	-4.70913757147303	5.93240620775172e-06	0.000136455483643602	3.53308872335097
hsa-miR-30b-5p	0.40704146235961	12.63203048298	3.57297818566235	0.000484905638636283	0.00518671722852927	-0.602127121708578
hsa-miR-148a-3p	1.10578322680665	12.498293928623	6.89942103031732	1.66828558183664e-10	1.47687176244696e-08	13.5865972119639
hsa-miR-375-3p	1.12629672423949	12.2899852981959	4.48481498196259	1.51004568883003e-05	0.000303724585783212	2.6480849687307
hsa-miR-29a-3p	-0.185750773662292	12.2327290823785	-3.10829687096473	0.00228044459897303	0.0178612703863685	-2.02373004908371
hsa-miR-27a-3p	-0.323515918118931	12.0776695493505	-3.00480620057922	0.00315083106873202	0.0227699156073352	-2.31710174827722
hsa-miR-22-3p	-0.45413819451058	11.886200124026	-3.32057805898028	0.00114623259866305	0.0103933327814084	-1.39516115510781
hsa-miR-100-5p	-0.433995143938322	11.6119225428996	-3.42331588768113	0.000812042282665779	0.00784410693147935	-1.07825905040866
hsa-miR-199a-5p	-0.34193056390764	11.3960175016245	-2.7664988079556	0.00643335213438932	0.038819366062934	-2.95928057543409
hsa-miR-34a-5p	-0.283499430041358	11.3132597403129	-2.79236264520234	0.00596618933268776	0.0365816897913755	-2.89186476275758
hsa-miR-768-3p	0.372659323521779	11.2759280252075	3.09473984203602	0.00238017726701721	0.0184172888470291	-2.06265347480983
hsa-miR-130a-3p	-0.447600734907988	11.2110362755882	-4.04102148048201	8.74859048219485e-05	0.00129648715339663	0.993774452068111
hsa-miR-20a-5p	0.603062661172055	11.146193123451	4.33498420375459	2.77083187843748e-05	0.000495802044631047	2.07488665147685
hsa-miR-30c-5p	-0.309080518861109	11.1081016947734	-3.21025954753347	0.00164556792919693	0.0138889261612935	-1.72627218814504
hsa-miR-17-5p	0.674671043087052	11.0848210698386	5.61044309395409	1.04561330894919e-07	3.96331624935782e-06	7.38651453658996
hsa-miR-205-5p	-1.76007617189018	11.0305133794747	-4.0673044609807	7.9118908858283e-05	0.00119054377496105	1.08803121026105
hsa-miR-1225-5p	0.617556675790535	10.9783596610893	3.00366842556717	0.00316190957036898	0.022813219935059	-2.32027879978658
hsa-miR-106b-5p	0.54801367172055	10.9432193543444	5.87761936327751	2.91717659824463e-08	1.30410393043122e-06	8.61141434656861
hsa-miR-142-3p	0.655784341795824	10.8832249202317	3.1616855403921	0.00192414200237622	0.0157113415242534	-1.86901291325395
hsa-miR-365a-3p	-0.317738480842129	10.7586452203282	-3.10939965761533	0.00227250449744019	0.0178302160452217	-2.02055735188226
hsa-miR-29b-3p	-0.32630070310527	10.7504268197494	-2.69161042268782	0.00797960823372893	0.045593888914249	-3.15131035995788
hsa-miR-15b-5p	0.368837400971247	10.6030893166708	3.26416691791031	0.00138056723922488	0.0121338424369758	-1.56567001762356
hsa-miR-1-3p	-0.624072662824641	10.5656313364936	-3.16097575016479	0.00192851950308828	0.0157338946652375	-1.87108479507035
hsa-miR-133b	-0.973837828650037	10.5050740892646	-5.499734153671	1.75688615590464e-07	6.25414288726265e-06	6.88935164661855
hsa-miR-20b-5p	0.53030258132635	10.3769633946657	3.60512264946126	0.000433179674801896	0.0047273849992979	-0.497653664153125
hsa-miR-25-3p	0.79881982077819	10.2401766385167	8.71946453232425	7.37735728867644e-15	4.96348598382151e-12	23.2931235760596
hsa-miR-221-3p	-1.19725286804068	10.1572576084864	-7.8039397252589	1.27202509437862e-12	2.07605648243703e-10	18.3028852033492
hsa-miR-19a-3p	0.685665953970574	10.1394603829746	5.38151056025131	3.03729503508221e-07	9.82448124809285e-06	6.36544048876912
hsa-miR-101-3p	-0.290696126856142	10.0945535620491	-3.24333352060432	0.0014778765894091	0.0128160483746065	-1.62800934811453
hsa-miR-93-5p	0.689635229459208	10.0785763133963	6.78348608346814	3.05858184236845e-10	2.50952910188475e-08	13.0013222108765
hsa-miR-223-3p	0.561264941951125	9.92212434971662	2.82245316951699	0.00546169294265268	0.0342782370505291	-2.81272770710809
hsa-miR-214-3p	-0.334033995251716	9.90620371130971	-2.77457596424582	0.00628400499505518	0.0381405373087337	-2.93828712481423
hsa-miR-320a	-0.432292300438538	9.89803564109641	-3.59846902030737	0.000443439319077251	0.00481591563963155	-0.519342342026587
hsa-miR-222-3p	-1.40262698679373	9.80523293492831	-7.22913698285874	2.9027384242676e-11	3.14993937394716e-09	15.276475939592
hsa-miR-497-5p	-0.344721305511086	9.80226275885106	-2.66784712256151	0.00853637574240581	0.0478008622512745	-3.21125422907995
hsa-miR-30e-5p	-0.230153978828652	9.63035181961819	-2.72231817423948	0.0073088675028515	0.0427229023103257	-3.07314102780014
hsa-miR-324-3p	-0.300419416168223	9.61504659574731	-2.67000907322384	0.00848430739509783	0.0476504406854341	-3.2058204244699
hsa-miR-886-3p	-0.908908304565436	9.6134938524568	-4.98174310296267	1.83211897499265e-06	4.7409601783656e-05	4.65007177661556
hsa-miR-150-5p	0.716069596774426	9.44604330824042	3.05507685456051	0.00269560242536457	0.0203546724106092	-2.17567873332925
hsa-miR-96-5p	1.49682956941952	9.29463234267548	8.42648627771574	3.90840899299998e-14	1.58181402162345e-11	21.6768955284661
hsa-miR-125a-5p	-0.438567585666062	9.27759831239534	-3.01162128365893	0.00308521795032679	0.0224646605733752	-2.29804966748234
hsa-miR-145-3p	-0.724487693620997	9.19547241534005	-5.73138134147586	5.89148140829176e-08	2.40229617666588e-06	7.93665820963484
hsa-miR-148b-3p	0.258070406084439	9.16328094406348	2.96171877766847	0.0035963079696077	0.0250087442062228	-2.43667874395991
hsa-miR-99b-5p	-0.674590098549764	9.02876877337335	-6.21326538246671	5.60496152557895e-09	3.12947561361786e-07	10.197591783264
hsa-miR-801	0.799855776847754	8.63741626038265	3.67479732015792	0.000338381481531334	0.00389834008175139	-0.268554087342951
hsa-miR-575	0.618096930222328	8.5661231376395	3.34906578285886	0.00104254691588102	0.00960286585502883	-1.30810892549045
hsa-miR-483-5p	0.680059867467079	8.53682997800292	3.29798279680312	0.00123523985209745	0.0110221402187157	-1.46375706889733
hsa-miR-425-5p	0.473316876457782	8.35205991054639	4.30404186263509	3.13542268840118e-05	0.000552952132308339	1.95834682695517
hsa-miR-630	0.602043547383714	8.34538095468763	2.66324816719197	0.00864809849597996	0.0481658995703255	-3.22279995549917
hsa-miR-361-5p	-0.302583994003044	8.34364142460468	-3.95091476980036	0.000123058237066885	0.00173027339391014	0.674297008178853
hsa-miR-338-3p	-0.630863345076342	8.32244284636455	-3.59922681670177	0.000442259361658884	0.00481475887579445	-0.516873843217759
hsa-miR-152-3p	-0.508548290768513	8.28549905996179	-4.83299042182581	3.49689402572759e-06	8.46298669248029e-05	4.03505712195854
hsa-miR-143-5p	-1.11208583161444	8.25286622497865	-8.03525427872438	3.52409670890948e-13	8.06994051673684e-11	19.5460275596427
hsa-miR-324-5p	-0.301668971896607	8.25045671871278	-3.633924208998	0.000391297523731675	0.00435148717300282	-0.40338838589191
hsa-miR-146b-5p	0.971952056580171	8.22412591981065	4.6198250432254	8.63664945469621e-06	0.000189583613478617	3.17694701806431
hsa-miR-663a	1.0741876281261	8.15249474453612	6.08009663542583	1.08480981629695e-08	5.65782980158595e-07	9.56221000146333
hsa-miR-376c-3p	-0.307849914531788	8.12540006681933	-2.72115899415717	0.00733322853269006	0.0428095111218557	-3.07610628858642
hsa-miR-142-5p	0.54668444461307	8.01946605125034	3.06165288541553	0.00264076769061491	0.0199742383613908	-2.15702727463683
hsa-miR-1227-3p	-0.718394935785033	8.00879024696755	-2.93326055829157	0.00392154245731601	0.0268267795148166	-2.51482311556743
hsa-miR-378a-5p	-0.747777982137677	7.99875584294187	-7.01881437996917	8.89326685495181e-11	8.7991028529582e-09	14.1942897454194
hsa-miR-1224-5p	0.455353379705974	7.9965388142547	3.17675742533888	0.00183333842005312	0.0151253229799109	-1.82492316685272
hsa-miR-150-3p	0.604738539703927	7.8995635881175	3.9003958915829	0.000148648101150356	0.0019962164162467	0.497686943569086
hsa-miR-17-3p	0.426555889954967	7.86582833067001	3.63263616252758	0.000393085846554066	0.00436776478218952	-0.407617279208997
hsa-miR-140-3p	-0.296405142782049	7.85945063182401	-2.70326540591006	0.00771873276688588	0.0445145984644033	-3.12173539340565
hsa-miR-765	0.438982346108335	7.79629303844228	2.74310117322296	0.00688437150147886	0.040862859692942	-3.01978453187117
hsa-miR-186-5p	-0.283976212674695	7.77434894516703	-2.67189118493726	0.00843921258833857	0.0475138261877338	-3.20108673183963
hsa-miR-133a-3p	-0.979568062545467	7.76485670060903	-7.75334960028391	1.68126392531478e-12	2.49207317462249e-10	18.0328087216585
hsa-miR-106a-5p	0.289480959045052	7.67860440948619	2.92760205922384	0.00398934465720293	0.0272352215663737	-2.53028169893706
hsa-miR-204-5p	-0.755400949563425	7.65744984535539	-4.06708092541603	7.91867329511101e-05	0.00119054377496105	1.08722753824163
hsa-miR-135a-3p	0.91972482633976	7.65124509894785	4.61036515014562	8.98466582844306e-06	0.000195944349088379	3.13951560423009
hsa-miR-125b-2-3p	-0.300170497437779	7.63815615911176	-2.75790210508736	0.00659584533560395	0.0396221851945923	-2.98156424610883
hsa-miR-130b-3p	0.592185482172992	7.5522118139747	5.06427260982838	1.27317681175645e-06	3.47502376855878e-05	4.99685707580081
hsa-miR-181c-5p	-0.477898727418043	7.52757729688173	-4.80167139102934	4.00030206877572e-06	9.56093510434212e-05	3.90724531145882
hsa-miR-29c-5p	-0.272551746699214	7.52468159335364	-2.73455162283751	0.00705621086919933	0.0416805853625751	-3.04177797178017
hsa-miR-183-5p	1.22613964099298	7.47120883984715	7.10518941238779	5.62494709998094e-11	5.77780825781248e-09	14.6369571743375
hsa-miR-155-5p	0.532505480244351	7.44549931148591	3.91039509298468	0.000143211641152221	0.00195569926381307	0.532499344565932
hsa-miR-34b-5p	-0.322447977308958	7.44401465752252	-2.72257593876139	0.00730346037446548	0.0427229023103257	-3.07248149473098
hsa-miR-505-3p	-0.288886521565168	7.41878727407071	-3.54187825240696	0.000540448960186847	0.00565056814939721	-0.702466430197083
hsa-miR-877-3p	-0.688942900403219	7.41544320908764	-2.90405062095513	0.00428325973202862	0.0286316656503612	-2.59433921962259
hsa-miR-362-3p	0.356340846081605	7.40659990960525	2.95581234804089	0.00366169728392343	0.0253586199961264	-2.45295204047719
hsa-miR-32-5p	0.845615863794865	7.30574368371203	5.54413061153901	1.4278392121278e-07	5.22092511912819e-06	7.08797229105636
hsa-miR-671-5p	0.469339113179255	7.23729270517311	3.00683381917177	0.00313117678324237	0.0226945553674942	-2.31143733930464
hsa-miR-31-5p	-0.955161805461056	7.21931878571248	-5.98627657624252	1.71949339790002e-08	8.47527588356873e-07	9.11931137694144
hsa-miR-203a	0.398190008855896	7.21637556610624	2.8943314767889	0.00441023653181588	0.0291474178644963	-2.6206409738234
hsa-miR-532-3p	0.311925062766294	7.18959309553179	3.01080843832715	0.00309297704663912	0.0224846564773506	-2.30032402429148
hsa-miR-484	-0.232980052487386	7.18567186482313	-2.68135748334344	0.00821567160188016	0.0466062719540048	-3.17723251604834
hsa-miR-24-1-5p	-0.472373611334756	7.15427592910671	-4.43766208796068	1.83063777525654e-05	0.000357000897157276	2.46612055337072
hsa-miR-139-5p	-0.506363415585854	7.15393996843801	-5.16396750572318	8.16195302317565e-07	2.37721298441237e-05	5.42094652929716
hsa-miR-182-5p	0.826376705808713	7.1246379481946	6.51895004699477	1.19747893626537e-09	8.17932820628774e-08	11.6845551520905
hsa-miR-424-3p	0.666548848943526	7.11792319521963	2.68818305514442	0.00805782785242862	0.0459504833934755	-3.15998556331941
hsa-miR-181b-5p	-0.180094694160169	7.10735898781203	-3.00277051348682	0.00317067785309154	0.0228642235751338	-2.32278532848976
hsa-miR-18b-5p	0.460337175119057	7.10272790049052	3.31009921789662	0.00118673863343723	0.010688591065282	-1.42702300424578
hsa-miR-362-5p	0.216134601344472	7.09235421931688	2.82399508230165	0.00543692134033814	0.0341546281772129	-2.80865217916989
hsa-let-7b-3p	-0.581170266415842	7.0065119429774	-2.78985399295612	0.00601010944376102	0.0367433133463191	-2.89842826547231
hsa-miR-22-5p	-0.499884392928669	6.98406143665589	-5.18589535767068	7.39624451924575e-07	2.19215564429451e-05	5.51497342853064
hsa-miR-149-5p	-0.364838063355026	6.96591035909039	-2.72641004929132	0.00722345938094378	0.0423558269295053	-3.06266467448723
hsa-miR-7-5p	0.64347817386603	6.96419979109007	4.03661955469296	8.89673672861094e-05	0.00131265887522137	0.978035123480987
hsa-miR-381-3p	-0.231291674662979	6.95310838353703	-2.94539199868119	0.00377973018581993	0.0260553531661849	-2.48159226678367
hsa-miR-193b-3p	-0.371192408766324	6.9315118635922	-3.91451165720529	0.000141028960058022	0.00193050425894277	0.546851936125087
hsa-miR-30b-3p	0.220324971631372	6.82460635619895	2.99409747569702	0.00325653226381425	0.0233706123423384	-2.34696235144786
hsa-miR-127-3p	-0.25559551573039	6.81558806062284	-2.72715865983864	0.00720793224549744	0.0423292532313572	-3.06074649275009
hsa-miR-153-3p	1.18036583946115	6.79275714824547	6.95903984308552	1.21928867682567e-10	1.13149989209422e-08	13.8894296746438
hsa-miR-1234-3p	-0.282443196727046	6.78024955843105	-3.0236225318884	0.0029727272234255	0.0219063622773349	-2.2644073919598
hsa-miR-487b-3p	-0.337459900962776	6.74539981242802	-2.85735007796341	0.00492553981864475	0.0315836096368719	-2.72000510311995
hsa-miR-224-5p	-0.716593355335688	6.72905798072143	-5.05909261206536	1.3027394604838e-06	3.54134589500403e-05	4.97497593265257
hsa-miR-518c-5p	0.556387245872331	6.71199386390211	3.74845676348803	0.000259670812244787	0.00313502646078595	-0.0224465860270753
hsa-miR-20a-3p	0.428678323086225	6.67147499772997	3.96614498804893	0.0001162063745297	0.00165293126392351	0.72789552308691
hsa-miR-371a-5p	0.346571330030818	6.65700561254745	3.75264033727862	0.000255766626839664	0.00310053669437344	-0.00834909451335708
hsa-miR-29a-5p	-0.354915085561941	6.60290929042534	-5.03974353498077	1.41918237205555e-06	3.77401541469949e-05	4.89337800408563
hsa-miR-455-5p	-0.320506721283813	6.58854092453072	-3.10792368462176	0.00228313736516363	0.0178719583395241	-2.02480347811399
hsa-miR-629-3p	0.296503987153285	6.58103171567304	3.01920353330668	0.00301370018360926	0.0221424678431415	-2.27680849122011
hsa-miR-622	0.356345258198488	6.56403300645528	3.02845955301571	0.00292846767161006	0.0216871001591552	-2.25081499879262
hsa-miR-30c-2-3p	0.262387171836283	6.53861790347182	3.90891665700256	0.000144003354871186	0.00196124407201081	0.527347654213072
hsa-miR-18a-5p	0.451794324941678	6.52509913450372	4.61431860965931	8.83760690914373e-06	0.000193050062612724	3.15515204875293
hsa-miR-28-3p	-0.387122232613865	6.48943238775156	-3.55725017171093	0.000512286041242349	0.00543208902360681	-0.652962315210353
hsa-miR-1229-3p	-0.444119393852506	6.38898829008181	-3.10654186274989	0.00229313370210353	0.0179189355955314	-2.0287771606014
hsa-miR-99a-3p	-0.268320333575407	6.37675606387057	-2.88768304197608	0.00449907199892289	0.0295458822925849	-2.63858789183881
hsa-miR-501-3p	0.690188509969759	6.35300993427544	5.15417992051797	8.52813998301276e-07	2.46784197013806e-05	5.37906380041355
hsa-miR-760	0.241052753801359	6.34614106788245	2.88397032439671	0.00454939094195338	0.0298036049245008	-2.64859417487716
hsa-miR-452-5p	-0.316109408794024	6.34092023107374	-3.83516539856378	0.000189234670923936	0.00240028616427233	0.272341526324909
hsa-miR-221-5p	-0.283324163209731	6.32917720670073	-2.75465094556661	0.00665826402720663	0.0398548046041337	-2.98997546194124
hsa-miR-214-5p	-0.228048669474203	6.31819445330472	-2.79329272896018	0.00594998035363665	0.0365250618788936	-2.88943000386245
hsa-miR-141-5p	0.571099395751907	6.31160621027109	5.44426236361033	2.27340345978165e-07	7.8237639270644e-06	6.64261500808192
hsa-miR-7-1-3p	0.387111644748985	6.30819384160572	3.80622833973142	0.000210430930537694	0.0026145508784074	0.17335604218595
hsa-miR-545-3p	-0.19254342399981	6.30147764855546	-3.40608364390162	0.000860828917170593	0.00818608756851414	-1.1319828834583
hsa-miR-200b-5p	0.247831986526	6.30027675162577	2.70664578705987	0.00764452782424958	0.0442238892532684	-3.11313605604406
hsa-miR-148a-5p	0.550606577141011	6.29522420304369	6.51401713604574	1.22803997975882e-09	8.34571008466396e-08	11.6602573137577
hsa-miR-193a-5p	-0.177120201129513	6.23964075260696	-2.70145732898782	0.00775869029092193	0.0446348595787283	-3.12633098752263
hsa-miR-326	-0.180663444315779	6.2382555263089	-3.04701448778382	0.00276426570379101	0.0207566737222164	-2.19849809537713
hsa-miR-877-5p	0.421670401786287	6.23763761794878	4.04688771023064	8.55482125758814e-05	0.00127057036249565	1.01477045585084
hsa-miR-361-3p	-0.152059408660788	6.22407932529071	-2.84770551602931	0.00506869121590792	0.0322326602085336	-2.7457323717364
hsa-miR-378a-5p	-0.262818569791923	6.22296708582734	-3.2810594103201	0.00130608561931308	0.0115471012440715	-1.51487227110173
hsa-miR-501-5p	0.22138207248133	6.2176509832263	3.1498170828111	0.00199856466203959	0.0161614700074548	-1.9036041480502
hsa-miR-629-5p	0.294979255640854	6.20669721333003	4.2702037794639	3.58679437079021e-05	0.000616397254832096	1.83162909826202
hsa-miR-19b-1-5p	0.246264599458459	6.17758362881807	3.6963069588833	0.000313326918947095	0.00365032642541308	-0.197100030559718
hsa-miR-548d-5p	-0.382099864305085	6.16630117935144	-2.88150273527612	0.00458311896845773	0.0299678828397029	-2.65523835869335
hsa-miR-34a-3p	-0.208755419821459	6.15623453030794	-2.70031175382693	0.00778410373726147	0.0447428021736823	-3.12924126855987
hsa-miR-198	0.286520302076877	6.14485405470037	2.65831190767164	0.00876948379482288	0.0487008559402132	-3.23517249927043
hsa-miR-101-5p	-0.134817642447997	6.12622825345968	-2.66935098387352	0.00850012632561222	0.0476971225343779	-3.20747487339696
hsa-miR-29b-2-5p	-0.211133640920393	6.10370751515226	-2.82886978702391	0.0053592796253609	0.033777049603966	-2.79575450543334
hsa-miR-665	0.247501405839733	6.09872557244349	2.79732710696238	0.00588013478445463	0.0362617294498724	-2.87886049629974
hsa-miR-383-5p	-0.254115178351694	6.06394303927963	-2.65206118301545	0.00892539954296321	0.0493832961554741	-3.25080998565554
hsa-miR-512-3p	0.196539810843425	6.0618490342117	2.72638229693833	0.00722403558287862	0.0423558269295053	-3.06273577588648
hsa-miR-31-3p	-0.453884518824113	6.05724623002473	-3.67091891624734	0.000343096072852675	0.00394252839991938	-0.281401574259493
hsa-miR-659-3p	0.363600250198907	6.03827787231416	3.91367605434387	0.000141469435021754	0.00193456576997228	0.543937592255923
hsa-miR-647	-0.390354157195947	6.01620596851	-2.82639943333519	0.00539849873976092	0.0339767067550154	-2.80229313250473
hsa-miR-625-5p	0.228636254354549	6.00706265973507	2.72046410192016	0.00734786748518681	0.0428443712003429	-3.07788332632087
hsa-miR-936	0.306584149145558	5.99873747225464	3.9677928478138	0.000115487218781901	0.00164444022849657	0.733704525610103
hsa-miR-196a-5p	-0.237444539294524	5.99447262853682	-2.93958628858396	0.00384699859634705	0.0264378003638641	-2.49751054716687
hsa-miR-605-5p	-0.325813022503906	5.97942194883605	-2.75018338206093	0.00674491197168597	0.0402659873518218	-3.00151920018791
hsa-miR-10b-3p	0.247193413260457	5.9720780345077	2.97211056929641	0.0034838617061862	0.0244160641241883	-2.40797809765508
hsa-miR-27b-5p	-0.313264822646737	5.96935905555461	-2.97382783245708	0.00346559417292067	0.0243260486128433	-2.40322675306088
hsa-miR-516a-5p	0.382215637634715	5.96062109384597	2.64692342214204	0.00905542297484959	0.0499595958366789	-3.26363828362105
hsa-miR-33b-3p	0.186484984147119	5.94225203990265	3.10133377029908	0.00233117522058363	0.0181285683586862	-2.04374019068403
hsa-miR-95-3p	0.256304384690209	5.9365709836683	2.91572307854657	0.00413519583036947	0.0279473606697397	-2.56264844123187
hsa-miR-526b-5p	0.266614477858361	5.93191771914617	3.08736716760819	0.00243609409527565	0.0187636417550253	-2.08375897625309
hsa-miR-648	0.215433949553907	5.91801132267924	2.92991548728916	0.00396149535119266	0.027078922065978	-2.52396477393482
hsa-miR-548c-3p	0.369188127224458	5.91755553791687	4.41272531534568	2.0257265429664e-05	0.000385658932092628	2.37047056417931
hsa-miR-550a	0.303680550976131	5.91294718645609	3.6888052578965	0.000321858636257292	0.00373034436647555	-0.222059152449335
hsa-miR-345-5p	0.274147586766396	5.90293222320278	2.65417621953595	0.00887236493499492	0.0491504909696548	-3.24552250051996
hsa-miR-613	-0.460382446900383	5.89815788597173	-2.7920456961592	0.00597172212404327	0.0365816897913755	-2.89269430175567
hsa-miR-135b-5p	-0.490205982042903	5.89620356714156	-4.35995647371476	2.50664330919978e-05	0.000459520572719805	2.16940255324138
hsa-miR-200a-5p	0.155952037503966	5.89605219996553	2.71099142077655	0.00755008364420116	0.0437879642836301	-3.10206703101895
hsa-miR-129-5p	-0.207909332826605	5.88715657213021	-2.89816797094736	0.00435970786462818	0.0289843028786743	-2.61026804696938
hsa-miR-505-5p	0.187736206177414	5.85887565004152	3.13005003714101	0.00212846937064677	0.0169471632053351	-1.96096627246142
hsa-miR-584-5p	0.220359516657255	5.84800645791294	3.86403597578443	0.000170118804853885	0.0021989612277751	0.371701352780069
hsa-miR-92b-3p	-0.173212348309654	5.84192350182846	-2.8077861090558	0.00570252685265583	0.0354589654941482	-2.8513960216696
hsa-miR-602	0.250956503945995	5.84058081979152	4.54828052312015	1.16284635497722e-05	0.00024448844613396	2.89525274220902
hsa-miR-337-3p	-0.194565368671937	5.82933425121918	-3.1165905232762	0.00222135449004235	0.0174696353115195	-1.99984540862828
hsa-miR-502-5p	-0.219284254661226	5.80124036268372	-3.00402493721572	0.00315843436604682	0.0228003716896598	-2.31928341250041
hsa-miR-887-3p	0.243643598552319	5.79952023368181	3.23654469675053	0.00151094151211049	0.0130078240479582	-1.64824947808931
hsa-miR-330-3p	0.139200450558845	5.78390559969753	2.70463903236401	0.00768850105892508	0.0443828701196465	-3.11824219582394
hsa-miR-627-5p	0.170277672587912	5.7598189251471	2.97429656257799	0.00346062334646369	0.0243098331840819	-2.4019294458245
hsa-miR-1236-3p	-0.361629558118057	5.75405478651662	-3.05172339457582	0.00272396861690882	0.020488385527739	-2.18517660946445
hsa-miR-183-3p	0.304661059760998	5.73673181413794	5.07504361026734	1.21377913185488e-06	3.36754886561634e-05	5.04240450417607
hsa-miR-33b-5p	0.187531811658614	5.73455058598768	2.8761670039324	0.00465683388933316	0.030271669958873	-2.66958801987859
hsa-miR-138-2-3p	-0.212595747213746	5.72862781360054	-3.29621073158433	0.00124248647023461	0.0110794552309324	-1.46911991364604
hsa-miR-129-2-3p	-0.210260966784607	5.70079840491836	-3.90341973326616	0.000146983692789908	0.00198757270466356	0.50820698533768
hsa-miR-154-5p	-0.191610911385979	5.69214200715039	-3.67024894468083	0.000343916756053774	0.00394522069007637	-0.283619774439731
hsa-miR-652-3p	-0.168135129010027	5.67125503338781	-3.18447691028329	0.00178838746071445	0.0148089487208453	-1.80227131203645
hsa-miR-517-5p	-0.322757223806318	5.66247543703044	-7.46667401528627	8.06215508766106e-12	9.60038573978472e-10	16.515536048133
hsa-miR-662	0.169193127358516	5.65876284654471	2.66809301271115	0.00853043921271894	0.0477909982022829	-3.21063641352627
hsa-miR-921	0.228449190417507	5.65758705340203	3.01270109513004	0.00307493824626032	0.0224140677365541	-2.29502750261554
hsa-miR-654-5p	0.209195982422354	5.6552438564738	4.53702756794747	1.21819952925942e-05	0.000254140974662245	2.8512405898389
hsa-miR-583	0.231802646180191	5.64243071774091	4.22526060423031	4.28350285985979e-05	0.000714235619359025	1.66450933394263
hsa-miR-493-3p	0.215646233540864	5.63723900209284	3.90766910657273	0.000144674666709671	0.00196839465646646	0.523001708361554
hsa-miR-625-3p	-0.145760685744593	5.6175108253768	-3.16890709422145	0.00188012565062507	0.0153886683423424	-1.84791031315854
hsa-miR-149-3p	0.180470225223174	5.61526688023851	3.20243836823923	0.00168773033680893	0.0141672485415477	-1.74938232557504
hsa-miR-301b-3p	0.20109869409685	5.61225794297693	3.06817879008177	0.00258737137298174	0.0196476688458478	-2.13848341916259
hsa-miR-520f-3p	-0.174191749362103	5.60805552208314	-3.06822604677171	0.0025869883739079	0.0196476688458478	-2.13834901016233
hsa-miR-1224-3p	-0.279684684352838	5.59547356156824	-2.97066560586062	0.00349930120034503	0.0245115028380233	-2.41197417110319
hsa-miR-566	0.198535049522589	5.58956530889355	3.47428900481914	0.000682478144956091	0.00685330292427549	-0.918009201980553
hsa-miR-130a-5p	-0.239038563126751	5.58888508230908	-2.90342291127632	0.00429135819428267	0.0286431130269184	-2.59604027048377
hsa-let-7e-3p	-0.181090453709089	5.5827432064485	-3.73473156475445	0.00027287976805057	0.00327261154981147	-0.0686067957785523
hsa-miR-516b-5p	0.195650600607157	5.57525157510963	3.81825591571193	0.00020136063936304	0.00252988680043797	0.21442545871405
hsa-miR-634	-0.156165736819576	5.5480241464456	-3.43079284836823	0.000791691258901467	0.00769725258654489	-1.05487756443434
hsa-miR-593-3p	-0.230277420286717	5.54407163953529	-3.58695356561352	0.000461739416576021	0.00497451208122253	-0.556800640273615
hsa-miR-873-5p	-0.261827628134657	5.53353043906887	-3.58861974724183	0.000459048185455112	0.00495345018723656	-0.551386916207223
hsa-miR-422a	0.157452906297722	5.52288269470515	2.92645898981237	0.0040031712710132	0.0272880813691761	-2.53340127899032
hsa-miR-1226-3p	-0.272677585443026	5.52137070931868	-3.42127395589539	0.000817684774570741	0.0078647364736411	-1.08463698220234
hsa-miR-371a-3p	0.178512558407916	5.52121885482663	3.2142723525361	0.00162431793719942	0.0137464290333053	-1.71439627036708
hsa-miR-518d-5p	0.140240974003612	5.51228611833937	2.70288934662608	0.00772702808910159	0.0445145984644033	-3.12269145198078
hsa-miR-302a-3p	-0.186495960021074	5.50521712548595	-2.80062361265333	0.00582361913323822	0.0360122330224511	-2.87021400920663
hsa-miR-525-5p	0.108197044234287	5.50215573670205	2.70218288097599	0.00774263353296118	0.0445615384172479	-3.12448718206283
hsa-miR-920	0.152521575316832	5.49507570332205	3.01625556891075	0.00304132257312296	0.0222413242086644	-2.28507257732292
hsa-miR-298	0.187164985420386	5.49355651238554	2.68812791504614	0.00805909191502691	0.0459504833934755	-3.16012505023235
hsa-miR-182-3p	0.195062038195914	5.49128633435379	3.94164232970745	0.000127416509089226	0.00178039101381581	0.641745561740844
hsa-miR-518f-5p	0.14798980904339	5.4860980696775	3.03317837364194	0.00288587614567472	0.0214661964710885	-2.23753644748748
hsa-miR-190a	0.142800052837749	5.48052029109236	2.81628337305406	0.00556184757549908	0.0347932222110254	-2.82901565723451
hsa-miR-363-5p	0.138420113739036	5.47742269986676	2.67933090577545	0.00826307245226935	0.0468356794093245	-3.18234570038146
hsa-miR-124-3p	-0.128938011508371	5.46955160256629	-2.69332062065273	0.00794083556316517	0.045430222507632	-3.14697786217811
hsa-miR-588	-0.168554352472842	5.45858909868864	-3.74834419152938	0.000259776642670655	0.00313502646078595	-0.0228257457127388
hsa-miR-16-2-3p	-0.124173088652206	5.44222932865866	-2.67777141216641	0.00829971663577984	0.0470037824288946	-3.18627803166894
hsa-miR-518e-5p	0.118330625187362	5.44092912523888	2.7656252127009	0.00644969690343877	0.0388831189662509	-2.96154786943411
hsa-miR-876-5p	-0.129979595276785	5.44089397056102	-2.64823216278333	0.00902214087581816	0.0498161377205618	-3.26037266575837
hsa-miR-127-5p	0.161976270428933	5.44043570997934	3.10121002014601	0.00233208619417998	0.0181285683586862	-2.04409546385692
hsa-miR-411-5p	-0.111791806701502	5.42373300933645	-2.78319845790436	0.00612806132363248	0.0373625705350243	-2.91581592647476
hsa-miR-346	-0.153927134876759	5.42074039001115	-2.73774544563621	0.00699156711354841	0.0413350294727185	-3.03356916720943
hsa-miR-16-1-3p	-0.1273950425649	5.41581577526993	-2.69952444007667	0.00780161319274513	0.0447860525262707	-3.13124075948114
hsa-miR-617	0.12296610132029	5.41261209778177	3.28288808014575	0.00129825156576441	0.0114929428085038	-1.50935979931929
hsa-miR-614	0.104851870407172	5.39161306420753	2.89240751809366	0.00443577755366594	0.0292587366481024	-2.62583830243143
hsa-miR-488-3p	-0.188564325619406	5.38648713338692	-2.98425856055018	0.00335651644719741	0.0238339236482788	-2.37431508933594
hsa-let-7c*	0.100459673294945	5.38468519914912	3.12193085308294	0.00218406003024919	0.017267163200372	-1.98443672614466
hsa-miR-486-3p	0.15043756780811	5.37996462462152	3.19104772331536	0.00175093424194747	0.0145615396536743	-1.78295274580541
hsa-miR-190b-5p	-0.127460056577434	5.37253349707107	-3.29362831413455	0.00125311798382463	0.0111564118583917	-1.47693074422874
hsa-miR-551b-5p	0.14050880577788	5.37178519763611	3.34903854529004	0.00104264172222036	0.00960286585502883	-1.30819245917546
hsa-miR-302c-5p	0.100933115781256	5.36554226830729	2.86068372691857	0.00487692544778898	0.0313539937054221	-2.7110944984032
hsa-miR-25-5p	0.118304654579352	5.36370778608161	3.47797909223467	0.000673895607578511	0.00677723415214981	-0.90633112250361
hsa-miR-548a-5p	0.120521958773087	5.36264163032545	3.11445532453306	0.00223643015034302	0.017577922957369	-2.00599978358382
hsa-miR-323b-5p	-0.134988029500096	5.34805147071275	-2.83191243492203	0.00531133227865322	0.0335180491388589	-2.78769412323251
hsa-miR-524-5p	0.0972420377473009	5.3464549398362	2.66712818782015	0.00855375441729544	0.0478185789111456	-3.21306030660072
hsa-miR-92a-1-5p	0.109079848949581	5.3393226577688	3.37182114365033	0.000966098580343359	0.00900888599937646	-1.23812028178406
hsa-miR-616-3p	-0.129028342430906	5.33904205696072	-3.47191714395699	0.000688048808828179	0.00689380846730602	-0.925509983038047
hsa-miR-509-3p	-0.124207943672276	5.33640909283722	-3.12359496446289	0.00217255770636041	0.0171964332334034	-1.97963051850894
hsa-miR-876-3p	-0.110520384301674	5.32287850009202	-2.76430575163282	0.00647445531487297	0.0389974354149197	-2.96497113143651
hsa-miR-296-3p	0.114900213669023	5.31902342825615	3.07976372157468	0.00249503196389279	0.0190883088866061	-2.10547921763953
hsa-miR-520a-5p	0.0944620054683902	5.31235423047325	2.73156937641843	0.00711706150957398	0.0419295882980856	-3.04943522308741
hsa-miR-548b-3p	-0.120955758056362	5.31041049051644	-2.98485847902097	0.00335034002815614	0.0238277882763578	-2.37264954478417
hsa-miR-302c-3p	-0.104773616100704	5.30409959595596	-3.00875649361183	0.00311264416006152	0.0225910139254519	-2.30606301230162
hsa-miR-513a-3p	0.107677323706194	5.29861006885596	3.85891748689193	0.000173368253131033	0.00223238585084324	0.35404205693489
hsa-miR-642a	-0.111052498936187	5.29633950125642	-3.26335423631673	0.00138424842525865	0.0121503240771562	-1.56810819337247
hsa-miR-30c-1-3p	-0.110092174730966	5.29540519567924	-3.02548347012086	0.0029556268201139	0.0218161900666224	-2.25918026523046
hsa-miR-516a-3p	0.0763867307547761	5.29502948763574	2.66719204725364	0.0085522094623594	0.0478185789111456	-3.2128998993828
hsa-miR-23b-5p	-0.078013236635524	5.28529229480784	-2.80577590307614	0.00573627846703722	0.0356194568769971	-2.85668175035153
hsa-miR-147a	-0.0989077070416586	5.28179332358637	-2.80923653876807	0.00567828649653015	0.0353625324293602	-2.84758009906387
hsa-miR-138-1-3p	0.110593734198703	5.28019022662538	3.95347305485062	0.000121881011109777	0.00171730982774153	0.683288726650694
hsa-miR-514a-3p	-0.119931441773611	5.27674944511794	-3.26798756619297	0.00136338290556252	0.0120063353254249	-1.55420049538499
hsa-let-7i-3p	-0.0913919011374533	5.26965143448452	-3.52458663475139	0.000573869257712327	0.00595479139500555	-0.757939454475873
hsa-miR-596	0.120793536567968	5.26016147852039	3.64959805664354	0.000370142676098059	0.0041783891355499	-0.351829340521991
hsa-miR-325	-0.0845766256066982	5.2571301324401	-2.71927137011942	0.00737305596595519	0.0429674495789922	-3.08093253209457
hsa-miR-185-3p	-0.127548538012855	5.25627666976118	-3.70868792553294	0.000299712309404936	0.00352837168447316	-0.155816219183738
hsa-miR-563	0.0726582401995373	5.25010342883963	2.84027847140079	0.00518150838759186	0.0328879136148283	-2.76549164947262
hsa-miR-18a-3p	-0.0732313841944299	5.24581035857216	-2.75501140759192	0.00665131719173696	0.0398548046041337	-2.98904333272675
hsa-miR-892a	-0.0898848672525592	5.24178783323508	-3.24759252348182	0.00145747846908785	0.0126855305821773	-1.61529303763764
hsa-miR-7-2-3p	-0.10038743105556	5.23395714228888	-3.45611050187292	0.000726278077839853	0.00718060089302944	-0.975387218794377
hsa-miR-518b	0.0788751468964906	5.23333883272028	2.69482820938483	0.00790679785206648	0.0453187437575	-3.14315658773742
hsa-miR-579-3p	0.0742740214113953	5.2301965305953	2.79089098528619	0.00599191877334255	0.0366654201974067	-2.895715772962
hsa-miR-548b-5p	-0.0799539728160452	5.22677429152494	-3.0260846136935	0.00295012225009323	0.0217875109754416	-2.25749113202801
hsa-miR-637	-0.0694862652694823	5.22578504059414	-3.00519459079355	0.00314705751299395	0.0227648579408775	-2.31601699038617
hsa-miR-1233-3p	0.066615166358412	5.22557385505148	2.7063716239803	0.0076505219846453	0.0442395461217822	-3.11383385823028
hsa-miR-590-3p	0.0912364205926375	5.22362861846829	3.20485450313818	0.00167459941520278	0.0140921886997927	-1.7422482723633
hsa-miR-619-3p	-0.0779816564814668	5.21537936286026	-2.67069392182454	0.00846787349227388	0.0476154223619044	-3.204098312027
hsa-miR-26b-3p	-0.0775644724351885	5.21087760497648	-2.69385531457542	0.00792874831667222	0.0454180111032656	-3.1456227974191
hsa-miR-675-5p	0.0947096706452939	5.21056023827411	3.46884988341258	0.000695316071606269	0.00695626249779476	-0.935203530681282
hsa-miR-105-5p	-0.0735721960271647	5.2073748651734	-2.67441225215204	0.00837914809470413	0.0472745562944817	-3.19474129521553
hsa-miR-580-3p	0.0767152669882423	5.2047265898623	2.67356952881713	0.00839918285949561	0.047347886282938	-3.19686299985097
hsa-miR-380-3p	-0.0604631096852302	5.19817298195635	-2.74561317106417	0.0068346095247549	0.0407291876727644	-3.01331080593218
hsa-miR-512-5p	0.0634301598509284	5.19663816311679	2.79198408407241	0.00597279819200742	0.0365816897913755	-2.89285554703397
hsa-miR-26a-1-3p	0.0629957548363604	5.19297153726045	2.755788184624	0.00663636950478955	0.0398300571170598	-2.9870342713211
hsa-miR-520h	-0.0612912228908247	5.18790807220548	-2.68986024963042	0.0080194645252683	0.0457633225835497	-3.15574156444133
hsa-miR-135b-3p	0.0687685985600677	5.18483197481595	2.89667335788677	0.0043793293076315	0.029037314913806	-2.61431055473063
hsa-miR-517c-3p	0.0692498757043785	5.17713418152657	2.84355282853194	0.00513149102724672	0.0326012007850009	-2.75678603922206
hsa-miR-302b-3p	0.0923025218763041	5.17525772485604	3.210245435844	0.0016456431124383	0.0138889261612935	-1.7263139292501
hsa-miR-527	-0.0746490492029777	5.17070795932827	-3.139155050758	0.002067690355393	0.0166007407053509	-1.93458321389886
hsa-miR-562	-0.0662803106531982	5.16817521878381	-2.943977047411	0.0037960243378002	0.0261542772603377	-2.48547437574884
hsa-miR-526b-3p	0.0675579914985587	5.16729105014889	2.7935717663826	0.00594512527328915	0.0365119149600086	-2.88869940290346
hsa-miR-379-3p	0.0693881585130276	5.16635206909005	2.80206184928779	0.00579911728815565	0.0359267597741355	-2.86643877682985
hsa-miR-302d-5p	0.0677111880277428	5.15843874545171	2.67619445375404	0.00833692056675306	0.0471351273723652	-3.19025230433646
hsa-miR-646	0.0680014403262783	5.15620441751616	3.10735475994121	0.00228724816797617	0.017883330243049	-2.02643971133607
hsa-miR-518f-3p	0.0792442992958549	5.15268422016773	3.00239844744336	0.00317431770868068	0.0228782105452636	-2.32382376129705
hsa-miR-384	0.0701763612044735	5.14464267252868	2.94147250682813	0.00382502412817629	0.0263136629185788	-2.49234188957944
hsa-miR-569	0.0743923452894837	5.14146278104657	2.87460919291745	0.00467855930369276	0.0303688827739941	-2.67377307726889
hsa-miR-452-3p	0.0748190176471217	5.13888476068447	3.43044571336947	0.000792625413040253	0.00770077079990588	-1.05596405418092
hsa-miR-220b	-0.0753864241476645	5.13883339124243	-2.98168064232463	0.00338317668059927	0.0239600133758652	-2.38146877868837
hsa-miR-367-5p	0.12348735434683	5.13407164984335	3.21470497556516	0.00162204226939623	0.0137358091736914	-1.71311515838248
hsa-miR-581	0.306326615889073	5.09328535714162	2.72989624863109	0.0071514086412022	0.042058284386371	-3.0537278845143
hsa-miR-589-3p	0.323221382552617	5.0246070989043	2.92697542672655	0.00399691899247139	0.0272730943015695	-2.53199199088879
hsa-miR-302b-5p	0.571477763201663	4.78162817857206	2.65140482781912	0.00894191576027165	0.0494340256656595	-3.25245006728667
