miRNA	logFC	AveExpr	t	P.Value	adj.P.Val	B
hsa-miR-145-star_st	-2.24796082560227	6.23016582708223	-8.74572395068106	6.35869705037865e-09	1.94901805389974e-06	10.6126467597179
hsa-miR-221_st	-1.67378532646123	11.0257222169341	-8.49110170087241	1.0932223870877e-08	2.19128906108475e-06	10.0869862176076
hsa-miR-222_st	-1.73168986953865	11.0749688905535	-8.255872962184	1.81736683050879e-08	2.71306362002861e-06	9.5930920103667
hsa-miR-455-3p_st	-1.41770980121868	7.90240732924344	-8.18002111600351	2.14438317674684e-08	2.77570934722943e-06	9.43213747734466
hsa-miR-125a-5p_st	-1.02061098035739	11.4147277747221	-7.67470670669205	6.58437866267341e-08	4.7645295600734e-06	8.33891183143705
hsa-miR-27b_st	-0.874673196584858	11.5960300917296	-6.91188542546934	3.81628664793868e-07	1.56969895545478e-05	6.62113903555196
hsa-miR-221-star_st	-1.6895422249004	5.18876513002145	-6.89765149386259	3.94628498269874e-07	1.6146710544393e-05	6.58834489303129
hsa-miR-133a_st	-1.92516534297648	8.49253394911583	-6.74835067324006	5.61610969754101e-07	2.08008991878118e-05	6.24280069996736
hsa-miR-320a_st	-0.605857271144762	9.66892655106024	-6.73204190785798	5.83777778148651e-07	2.11601838429079e-05	6.20488440608253
hsa-miR-139-5p_st	-1.45787401922343	5.80960145777562	-6.67620586351171	6.66672927333347e-07	2.34150113195157e-05	6.07481977672609
hsa-miR-181a_st	-0.929925970996104	9.17055459609983	-6.65418712357233	7.02583488365349e-07	2.40819735156807e-05	6.02342307613372
hsa-miR-152_st	-1.11860794689598	8.60182612214508	-6.64190328521392	7.23469686904165e-07	2.44758251218876e-05	5.99472390500837
hsa-miR-143-star_st	-1.69034396250153	6.95415885179013	-6.62283029383762	7.57163835616986e-07	2.5287330663875e-05	5.95012634947198
hsa-miR-145_st	-0.72497930142594	13.959767952854	-6.52288426155572	9.61818823906526e-07	3.06800575870592e-05	5.71570574865487
hsa-miR-133b_st	-1.65817188887344	8.68509288852608	-6.35773689192804	1.43182379527796e-06	4.01064622225708e-05	5.32576931215214
hsa-miR-770-5p_st	0.758396310451381	5.87075713429775	6.33728737220569	1.50445926106151e-06	4.07515135004784e-05	5.27726687405879
hsa-miR-505_st	-1.1783351057358	5.10303329702561	-6.28561444983679	1.70520018862725e-06	4.39806583304356e-05	5.15449948116265
hsa-miR-455-5p_st	-1.80824913031114	3.98915256357105	-6.23618789429938	1.92276378152642e-06	4.8007664385396e-05	5.03679298753064
hsa-miR-25_st	0.897030020369533	8.98407285536074	6.20474045121999	2.07571153769536e-06	5.08516792071762e-05	4.96176441982465
hsa-miR-181c_st	-1.05310288687881	7.16073989399743	-6.07406468444237	2.85620364626182e-06	6.41414698147591e-05	4.64887256076986
hsa-miR-886-5p_st	-0.979447893026201	9.32333600294867	-6.06640483761649	2.91030854650699e-06	6.51427806353726e-05	4.63047700600271
hsa-miR-205_st	-3.47523356765842	11.0691781948585	-6.05962871705618	2.95904002245638e-06	6.56957323167518e-05	4.61419882740657
hsa-miR-886-3p_st	-0.966811671521782	9.61147791405354	-6.03096104461824	3.17456691421125e-06	6.92995542864829e-05	4.54527989107249
hsa-miR-34a-star_st	-1.10092768013648	5.90996167301462	-5.8390265471507	5.09368429595368e-06	0.00010366443430437	4.0818117167959
hsa-miR-30c_st	-0.669751274592109	11.5034645034879	-5.7969261008803	5.65302613411713e-06	0.000113569149712405	3.97969751725283
hsa-miR-593_st	-0.723800889942326	3.88544072859649	-5.79199248187969	5.72253245611311e-06	0.000114264122323522	3.96772090542232
hsa-miR-99b_st	-0.876193114755177	8.89233512025581	-5.7917614563713	5.72580839380998e-06	0.000114264122323522	3.96716002746289
hsa-miR-31_st	-2.43571890730624	7.53447828552981	-5.61207641511527	8.94903941239597e-06	0.000165726879165579	3.52958267773051
hsa-miR-376c_st	-1.47525739096896	4.94542107608865	-5.56192827420058	1.01418450757702e-05	0.000184322137830567	3.40700861133842
hsa-miR-130a_st	-0.773470526791597	10.7224076982713	-5.51113874189675	1.15144264226791e-05	0.000201760633392909	3.28268200473409
hsa-miR-224_st	-1.29669693759783	5.20958431120324	-5.44576777553655	1.35619372025997e-05	0.000228912611745824	3.12240276348616
hsa-miR-153_st	1.77087018158486	3.84115289275531	5.31833971240315	1.86752073854924e-05	0.000291893491435247	2.80920458532048
hsa-miR-378_st	-0.992575886559695	8.52284830853384	-5.27333662261547	2.09146079669789e-05	0.000321747364688859	2.69837626160315
hsa-miR-320b_st	-0.573089162699114	9.24574044309934	-5.20604978523489	2.47794020645352e-05	0.000366069994582878	2.53248263849885
hsa-miR-320c_st	-0.760610757656558	8.94554864130958	-5.20042379177817	2.51335273763901e-05	0.000369903044155346	2.51860242817603
hsa-miR-100_st	-0.755582303843054	10.9163230968115	-5.12249951986465	3.05977913253191e-05	0.000425483521721296	2.32621458769477
hsa-miR-936_st	0.548836245165697	7.44931309078403	5.05039698170085	3.67169948894795e-05	0.000492184073861548	2.14799888144863
hsa-miR-422a_st	-0.838869270882476	8.09659193991107	-5.0464952027342	3.70812934199325e-05	0.000493680252260259	2.13835005439871
hsa-miR-23b_st	-0.570513087159982	12.5604010878784	-5.01874557515865	3.97794047364245e-05	0.000519917521202665	2.06971437901476
hsa-miR-342-3p_st	-0.595534199613125	10.147640017627	-4.99353542867352	4.24016824777668e-05	0.000544775263295203	2.00734163840733
hsa-miR-30e-star_st	-1.07699110519817	6.57558158476896	-4.9632180542366	4.57867697089638e-05	0.000577134847218632	1.93231241579616
hsa-miR-508-3p_st	-0.494457754935574	2.70842914621077	-4.84743886059657	6.14136128119798e-05	0.000728296485774844	1.64562504860376
hsa-miR-182_st	1.05136834616957	8.11488171444033	4.84681788537904	6.15104835127997e-05	0.000728340043412924	1.64408692813088
hsa-miR-23a_st	-0.531310786225347	12.4152002436895	-4.7806296383674	7.27670157386327e-05	0.000837517272455691	1.48012708364111
hsa-miR-93_st	0.633166425994325	9.60832730152045	4.72288219422977	8.42655146699901e-05	0.00095026695114859	1.33706853651858
hsa-miR-320d_st	-0.60951119726106	8.83104216161759	-4.69660499224265	9.00849000664386e-05	0.00100429885024139	1.27197553999012
hsa-miR-141_st	0.705548831386475	11.5433627482689	4.68653229795486	9.24209717818437e-05	0.00102887449355429	1.24702512286203
hsa-miR-28-3p_st	-0.636065660124604	7.16913843637125	-4.63561357377412	0.000105192611088011	0.00113609282093715	1.12091429924288
hsa-miR-574-3p_st	-0.595398194051693	10.0769094754339	-4.59654736749559	0.000116177618895254	0.00124033892304154	1.02418473564965
hsa-miR-204_st	-0.974916019958039	3.04703024384366	-4.56727492760763	0.000125154949933193	0.00131640098752073	0.951724732483703
hsa-miR-130b_st	0.972838659556425	5.85606729726237	4.5238731449678	0.000139758487272562	0.00144855779580248	0.844328148192425
hsa-miR-148a-star_st	1.0287162400451	5.09461942188253	4.49444148074755	0.000150619089614063	0.0015443912436713	0.771531333852034
hsa-miR-24_st	-0.452637370273994	12.9455661181896	-4.49372543590196	0.000150893571703847	0.0015443912436713	0.76976060349384
hsa-miR-621_st	-0.497349289961677	4.08110684899131	-4.45472073114954	0.000166625320820206	0.00167590332330748	0.673331993443612
hsa-miR-27a_st	-0.557020797833077	11.9109034309281	-4.42461072188917	0.000179881011762885	0.00179861137254823	0.598933203343091
hsa-miR-132_st	-0.699973310453402	6.99625490195052	-4.38782665863666	0.000197511061392495	0.00194892543533125	0.508096915519883
hsa-miR-31-star_st	-0.931827705441117	4.04950103893223	-4.32493035214886	0.00023173853229611	0.00220858125596841	0.352933169289765
hsa-miR-181d_st	-0.984765311797497	6.02698597573228	-4.32084088114112	0.000234158382875063	0.00222892541068042	0.342852009807073
hsa-miR-195_st	-0.62002004364845	10.3355192822421	-4.31656026351846	0.00023671830581096	0.00225055177604946	0.332300684900444
hsa-miR-1291_st	0.500305929976421	7.49726303875338	4.26739320866638	0.000268197359993929	0.0025011484109219	0.211188469027653
hsa-miR-143_st	-0.559549988879576	14.0745285755472	-4.1941466373507	0.000322975125912338	0.00296947130471167	0.0310633719480826
hsa-miR-96_st	1.17011457140597	5.55458133056583	4.05573564224747	0.000458578111707213	0.00400871134562849	-0.308125697888427
hsa-miR-375_st	0.866413879420223	10.4523653978499	4.04352525346839	0.000472958018914205	0.00409774602861919	-0.337962782450714
hsa-miR-1246_st	-0.749723652761082	11.5677432230827	-3.98901042624125	0.000542800312323419	0.00462089808366832	-0.470983924333559
hsa-miR-497_st	-0.63156678773068	10.1040500516009	-3.95223495593078	0.000595584097826934	0.0050138797159422	-0.560533715785295
hsa-miR-149_st	-1.27060260809065	8.02935003243931	-3.94237771020913	0.000610574377917002	0.00512528331194561	-0.5845097245635
hsa-miR-324-3p_st	-0.505810081762532	7.32953975392459	-3.87767082280202	0.000718658070087304	0.00595579301986456	-0.741600473971589
hsa-miR-452_st	-0.724684505504313	5.14317234315905	-3.86731944467753	0.000737618640302657	0.00608710630830545	-0.766680922802215
hsa-miR-223_st	-0.932806294903432	7.80373809157038	-3.85329320013171	0.000764099707166563	0.00628572548579652	-0.80064234737531
hsa-miR-342-5p_st	-0.576557605014635	4.09610924757827	-3.83326213867082	0.000803549893861123	0.00656190430566842	-0.84909647967931
hsa-miR-24-1-star_st	-0.975997941263309	4.51746838322012	-3.826959065806	0.000816373718742048	0.00664579230413449	-0.864331743887959
hsa-let-7e_st	-0.512494483774152	10.386789779398	-3.77757752779743	0.00092406720221091	0.00737649150692366	-0.983494708428831
hsa-miR-517-star_st	-0.715882960411	5.24659642011988	-3.76319472170999	0.000957982999210703	0.00762386674015442	-1.01813387550638
hsa-miR-1287_st	-0.525437737048374	4.59022329984857	-3.74277728395561	0.00100824060443982	0.00796703773882427	-1.06725199831205
hsa-miR-139-3p_st	-0.510093773055966	5.43650422370232	-3.7365476001722	0.00102408474194	0.00805963973641602	-1.08222571563126
hsa-miR-193b_st	-0.669464691646512	9.51443939135502	-3.71297418635203	0.00108628515764443	0.00849781632331452	-1.13883077743605
hsa-miR-1_st	-1.47118126925558	6.09027246220606	-3.66483996937133	0.00122503360831611	0.00946947344113789	-1.25412686378663
hsa-miR-1229_st	-0.690113344305004	5.2069152364991	-3.64730710465373	0.00127977606081485	0.00982460698945779	-1.29602488608144
hsa-miR-181b_st	-0.759573081489964	6.89118316160827	-3.59765530915942	0.00144814207329547	0.0108866184150147	-1.41437842700898
hsa-miR-502-5p_st	-0.503153922519694	3.20539515206361	-3.57574635662904	0.00152915833496034	0.0113813070359191	-1.46645696822482
hsa-miR-512-3p_st	0.48870038142383	2.59349303665149	3.56858058280175	0.00155660632450636	0.0115635726483053	-1.48347045750174
hsa-miR-7-1-star_st	0.718341144367159	3.98188737755536	3.52715328242031	0.00172499070302546	0.0125988806954617	-1.58163306903619
hsa-miR-379_st	-0.640025605405508	3.59673405295283	-3.52474323842564	0.00173531618501182	0.0126624612379714	-1.58733317123166
hsa-miR-768-5p_st	0.357227756118835	12.2909296709422	3.45266044866768	0.00207361279982468	0.0148009460434588	-1.7572614513972
hsa-miR-377_st	-1.02088741633932	5.84647431406483	-3.4342975966346	0.00216958652239485	0.0153580785077135	-1.80037187825264
hsa-miR-873_st	-0.550234917716608	2.57426061672796	-3.40869388899739	0.00231065631826351	0.0162536265771641	-1.86035597350502
hsa-miR-769-5p_st	0.941957424956494	5.20853433276625	3.39660490262204	0.00238032727037134	0.0166986154559713	-1.88862608995137
hsa-miR-222-star_st	-1.01834940556927	3.87184682003608	-3.36571139078661	0.00256778005438532	0.0177272094744005	-1.96071611111823
hsa-miR-15b_st	-0.54788701737286	8.44349400965766	-3.35300790365944	0.00264895465390932	0.0181752244251987	-1.99029407679818
hsa-miR-146b-3p_st	-0.566393907612663	3.76696377210086	-3.31582512362148	0.00290112666339034	0.01956195416255	-2.07664242992367
hsa-miR-193b-star_st	-0.569473655417068	7.64764955890663	-3.3124973848101	0.00292479790416821	0.0196875931275405	-2.08435365394396
hsa-miR-596_st	-0.586729283632008	5.86094763243255	-3.28782922329235	0.00310620216005397	0.020641981191175	-2.14142891725071
hsa-miR-193a-5p_st	-0.535827976182791	10.2917234645266	-3.21818764775332	0.00367907430501372	0.0238605524428898	-2.30170542516836
hsa-miR-542-3p_st	0.400865143781086	2.70409681700367	3.20931727347886	0.00375899554813694	0.0242198892132923	-2.32202661812892
hsa-miR-1271_st	-0.625262413772747	5.87192092218525	-3.2092866976858	0.00375927391116104	0.0242198892132923	-2.32209662698252
hsa-miR-548n_st	-0.318104453384743	1.70796256212689	-3.18122524010456	0.0040233136940927	0.0256461635557377	-2.38623889353739
hsa-miR-652_st	-0.629876096962083	5.92519360579524	-3.17615211926777	0.00407292046740505	0.0258370930836659	-2.39781133151052
hsa-miR-1207-5p_st	0.368380484393262	12.2173218388619	3.1724002245622	0.00410998665349362	0.0260499154071798	-2.40636518644942
hsa-miR-625-star_st	0.405678064598328	3.50948267110061	3.16965592255036	0.00413730421258477	0.0261594113441343	-2.41261931734871
hsa-miR-93-star_st	0.725831853294837	5.07170812905964	3.15594425901127	0.00427643648359051	0.0268436555174778	-2.44383522565134
hsa-miR-7_st	0.517592889056591	4.13840780624961	3.14058896121936	0.00443759705333365	0.0275674252558048	-2.47872852875182
hsa-miR-30a-star_st	-0.78586795734889	6.75595217698497	-3.10905556776428	0.00478708083343468	0.0294575092230646	-2.55016745855265
hsa-miR-18b_st	0.866915139194663	5.08151713004468	3.10602031407876	0.00482208367224148	0.0296495546015477	-2.55702818073994
hsa-miR-187_st	-1.47509966437351	4.95238338425069	-3.10133725555604	0.00487657224223539	0.0298437056171257	-2.56760806094114
hsa-miR-200c-star_st	0.607304037907217	3.00822151503908	3.08145462306493	0.00511457148930278	0.0309847877433343	-2.61245231856736
hsa-miR-34a_st	-0.642934851596273	8.20019186199167	-3.07797860371852	0.00515730987673912	0.0312195016938158	-2.62027986656727
hsa-miR-619_st	0.53576631461366	3.78100263636756	3.05869754319918	0.00540066970233881	0.0324164621534392	-2.66363033243789
hsa-miR-887_st	-0.530301304892773	6.24801398903235	-3.05641528637672	0.00543019452426354	0.0325686647790634	-2.66875395237009
hsa-miR-7-2-star_st	0.457710696254486	3.8917716538977	3.05382302787998	0.00546391752489784	0.0327207014996756	-2.67457153479439
hsa-miR-126_st	-0.449023480166483	9.79304620503604	-3.04594680379896	0.00556761684635912	0.0331979100126862	-2.69223446866508
hsa-miR-657_st	-0.398088677648072	3.02558127900867	-3.02981154996377	0.00578597781846911	0.0342556186752546	-2.7283572849667
hsa-miR-768-3p_st	0.311730300456004	12.5015589361989	3.00637386792385	0.00611783015414498	0.0358402118850398	-2.78067924165695
hsa-miR-665_st	0.480138674149149	9.21934294889734	3.001769373784	0.00618513153691536	0.0361802417372706	-2.79093723473759
hsa-miR-22_st	-0.32722516736081	12.2130707136847	-2.99597782888582	0.00627078950716674	0.0365445339287905	-2.80382987678269
hsa-miR-744_st	-0.446917484288722	10.9021613880629	-2.97068688059589	0.00665831951104989	0.038572844313458	-2.86000008191793
hsa-miR-558_st	0.390457124171011	2.09435467217175	2.95794523005943	0.00686212384639708	0.0394030109181434	-2.88821750345431
hsa-miR-1244_st	0.976026260044554	5.56323373626308	2.95634042282035	0.00688821133333972	0.039523767672577	-2.89176757742465
hsa-miR-148a_st	0.496703177292588	10.5430327233767	2.94719358198234	0.00703871765701833	0.040180846230532	-2.91198498864196
hsa-miR-361-5p_st	-0.362810656448188	8.64481899891888	-2.94002585493117	0.00715884624904552	0.0406882788627569	-2.92780789759956
hsa-miR-17-star_st	0.680235395071954	6.87557932433605	2.93851501912144	0.00718441567241141	0.0407773968304507	-2.93114084273879
hsa-miR-297_st	0.515602386551359	1.90245185964768	2.9384828135066	0.00718496166801415	0.0407773968304507	-2.93121188063357
hsa-miR-1179_st	0.327592745226079	1.83577542959392	2.929229610354	0.00734348482415748	0.0414662817202245	-2.9516073734155
hsa-miR-1273_st	0.325968995476727	6.91687891121211	2.90719816141002	0.00773444678727301	0.0434229178466513	-3.00004789851067
hsa-let-7b-star_st	-0.688946382910284	5.76042065654326	-2.88922373826264	0.00806801615989831	0.0449725722465088	-3.03944125041629
hsa-miR-32_st	0.381822545542718	1.84897367922087	2.87317538121593	0.00837736588344003	0.0462352502677146	-3.07451556098963
hsa-miR-150_st	-0.732583287696644	8.50954469749064	-2.86216813800422	0.00859602554987326	0.0472418703743035	-3.09851836453779
hsa-miR-200c_st	0.445871025859743	11.431406961009	2.85351028541819	0.00877181238255266	0.0480390425855985	-3.1173668760518
hsa-miR-99a_st	-0.591208776411085	11.6668457599472	-2.83326946691006	0.00919618582218853	0.0497357731490681	-3.16132400092943
