Probe_ID	Clone9_FC	Clone9_pvalue	Clone9_FDR
ASCRP3000010	-1.27490824892611	0.0236036340194562	0.473751592106166
ASCRP3000038	-2.01254366189896	0.0482889225014702	0.473751592106166
ASCRP3000068	-1.86440176013191	0.00628443872857222	0.473751592106166
ASCRP3000078	-1.18635713340126	0.0487769605006198	0.473751592106166
ASCRP3000079	-1.11253459731274	0.0442258003341786	0.473751592106166
ASCRP3000080	-1.09293570378677	0.0245910738818669	0.473751592106166
ASCRP3000094	1.07901524131169	0.0378617745103836	0.473751592106166
ASCRP3000106	1.20118432485518	0.0336807889200746	0.473751592106166
ASCRP3000107	-1.30199945204258	0.0425868261562843	0.473751592106166
ASCRP3000116	-1.14892816966694	0.0281250181962285	0.473751592106166
ASCRP3000150	1.17724187071302	0.0344809357808706	0.473751592106166
ASCRP3000156	-1.10581729416798	0.0367990016151773	0.473751592106166
ASCRP3000158	-1.79622501832716	0.0103028669533404	0.473751592106166
ASCRP3000168	-1.11725405042391	0.0214321187324662	0.473751592106166
ASCRP3000184	1.43263183552605	0.0408357879492264	0.473751592106166
ASCRP3000193	-1.62466992982073	0.0167348529914385	0.473751592106166
ASCRP3000199	1.12565659472312	0.0493186037840596	0.473776628121422
ASCRP3000202	-2.29352189218086	0.00328726002306651	0.473751592106166
ASCRP3000210	-1.15830775354096	0.0312577175915296	0.473751592106166
ASCRP3000217	-1.2324011752936	0.0468786475168476	0.473751592106166
ASCRP3000221	-1.84048434712353	0.0314120686503682	0.473751592106166
ASCRP3000224	-1.18954688787971	0.0087137499804939	0.473751592106166
ASCRP3000259	1.21717071250465	0.0278861583358036	0.473751592106166
ASCRP3000274	-1.30697144998984	0.0265557004134644	0.473751592106166
ASCRP3000288	1.28105688653692	0.0195880629020403	0.473751592106166
ASCRP3000297	1.22616248285625	0.0386382040114624	0.473751592106166
ASCRP3000312	-1.16474790431685	0.0385681348973116	0.473751592106166
ASCRP3000351	-1.6435921111012	0.0334404086116783	0.473751592106166
ASCRP3000355	1.2047195061038	0.0427852073986051	0.473751592106166
ASCRP3000392	-1.30226045657109	0.0452816479611715	0.473751592106166
ASCRP3000418	-1.42229806616673	0.0155560833878485	0.473751592106166
ASCRP3000422	1.33768862720818	0.0395006923302847	0.473751592106166
ASCRP3000445	1.13119974653575	0.0343848806553275	0.473751592106166
ASCRP3000447	-1.34377705819991	0.0403437375755922	0.473751592106166
ASCRP3000464	-1.67262555582886	0.0443253267079865	0.473751592106166
ASCRP3000470	-1.39408563383161	0.0221251817165556	0.473751592106166
ASCRP3000476	-2.58329876306251	0.0277752161319398	0.473751592106166
ASCRP3000482	-2.39970009035011	0.0114045230590247	0.473751592106166
ASCRP3000503	-1.1162076344202	0.0301734596811282	0.473751592106166
ASCRP3000525	-1.55770692875127	0.0145323949891913	0.473751592106166
ASCRP3000550	-2.44193560227854	0.0222905952333983	0.473751592106166
ASCRP3000552	1.22730045110357	0.0423923095843122	0.473751592106166
ASCRP3000576	1.15688188973652	0.0424343989673811	0.473751592106166
ASCRP3000588	-1.25900939837518	0.039063230869506	0.473751592106166
ASCRP3000625	-1.78673719877058	0.0279719354898505	0.473751592106166
ASCRP3000642	1.40953909850703	0.00255437540854081	0.436876428878883
ASCRP3000651	1.17769953216178	0.0430433183265801	0.473751592106166
ASCRP3000690	1.1513068174646	0.0161206601511463	0.473751592106166
ASCRP3000696	-1.54484311880396	0.0267083082586195	0.473751592106166
ASCRP3000698	-1.11658395660896	0.0326544984006845	0.473751592106166
ASCRP3000714	1.19007524458803	0.0431490702061516	0.473751592106166
ASCRP3000744	1.18161489657556	0.0474562131980647	0.473751592106166
ASCRP3000745	-1.03327773830698	0.0279800489011659	0.473751592106166
ASCRP3000761	-1.62131652583601	0.0321988815709316	0.473751592106166
ASCRP3000772	1.23617730648194	0.00378887618141536	0.473751592106166
ASCRP3000805	1.36837412836424	0.03157087536129	0.473751592106166
ASCRP3000806	1.42835909327181	0.0202171398634538	0.473751592106166
ASCRP3000824	-1.34293980730672	0.0156531326714017	0.473751592106166
ASCRP3000903	1.17473828177303	0.0129846185660266	0.473751592106166
ASCRP3000905	-1.3398333625801	0.0359540276867526	0.473751592106166
ASCRP3000915	1.37281546984	0.0116003739246816	0.473751592106166
ASCRP3000925	-1.16264747804965	0.0452723544474192	0.473751592106166
ASCRP3000963	1.15487595336868	0.0280556641217231	0.473751592106166
ASCRP3000969	-1.46011063435368	0.046934674342019	0.473751592106166
ASCRP3000970	1.43594440611475	0.000767684080280275	0.337562494762402
ASCRP3001005	-1.3188467565607	0.0403331448712616	0.473751592106166
ASCRP3001006	-1.09761148180803	0.0471470327966737	0.473751592106166
ASCRP3001038	1.93399415860171	0.0214530870344934	0.473751592106166
ASCRP3001059	-1.29583213196725	0.000984237639058185	0.337562494762402
ASCRP3001074	1.16107042028001	0.0378028898824518	0.473751592106166
ASCRP3001077	1.22484906111048	0.0322958632661934	0.473751592106166
ASCRP3001135	1.24660209752507	0.00842769441204545	0.473751592106166
ASCRP3001141	-1.11263376856615	0.0195514145695781	0.473751592106166
ASCRP3001272	1.32167619924074	0.0409155998688098	0.473751592106166
ASCRP3001290	-1.06546026010543	0.00955581043789991	0.473751592106166
ASCRP3001292	-1.08013928752201	0.0201912231025304	0.473751592106166
ASCRP3001331	-1.15483368512609	0.026297653807229	0.473751592106166
ASCRP3001334	-1.13613641198565	0.00550525797748231	0.473751592106166
ASCRP3001337	-1.33011143509464	0.0449298559781835	0.473751592106166
ASCRP3001387	1.18457128100401	0.0251413113575205	0.473751592106166
ASCRP3001397	1.42329893423025	0.000668797874741988	0.337562494762402
ASCRP3001410	-1.0717439508738	0.00767681437786522	0.473751592106166
ASCRP3001435	-1.07695846429439	0.0472983331911275	0.473751592106166
ASCRP3001453	1.48469294230202	0.0359709189496457	0.473751592106166
ASCRP3001459	-1.63816800252067	0.0298956766890759	0.473751592106166
ASCRP3001470	-1.31361349040156	0.0201803076833309	0.473751592106166
ASCRP3001473	-1.32529466801584	0.0424584816204552	0.473751592106166
ASCRP3001500	-2.62642198600734	0.0379114546390369	0.473751592106166
ASCRP3001508	1.51442641582156	0.0453038761963438	0.473751592106166
ASCRP3001518	-1.04747200697749	0.0169195190992093	0.473751592106166
ASCRP3001522	1.35973616990985	0.0381445180833073	0.473751592106166
ASCRP3001535	3.96798301519022	0.00880888180421868	0.473751592106166
ASCRP3001555	-1.24219993694645	0.0464412962416683	0.473751592106166
ASCRP3001578	-1.13422314730273	0.0370051271175087	0.473751592106166
ASCRP3001602	-1.69419777119091	0.0351769497522378	0.473751592106166
ASCRP3001605	-1.58542194640288	0.0495487192678224	0.474106785126628
ASCRP3001606	1.26367647266965	0.028626497388862	0.473751592106166
ASCRP3001609	-2.33729100055579	0.00115100469927091	0.35094852658707
ASCRP3001615	-1.21718184742373	0.0381959735652613	0.473751592106166
ASCRP3001644	2.18998093436283	0.0221440067011374	0.473751592106166
ASCRP3001647	1.16539868669142	0.02196312463752	0.473751592106166
ASCRP3001664	-1.21231999037863	0.0310280906388158	0.473751592106166
ASCRP3001693	-1.50032943663652	0.0276545525287043	0.473751592106166
ASCRP3001706	1.1259121768261	0.00197191390947765	0.42138840059805
ASCRP3001715	-1.89700713805955	0.00512444310553007	0.473751592106166
ASCRP3001718	-1.09966098639856	0.0403485195507302	0.473751592106166
ASCRP3001739	1.15236716574647	0.016768100917123	0.473751592106166
ASCRP3001740	1.20897976133728	0.0336728207081204	0.473751592106166
ASCRP3001746	-1.38009376513183	0.0413922216484015	0.473751592106166
ASCRP3001751	-2.07177816953814	0.0204113674111259	0.473751592106166
ASCRP3001752	-1.18093160705173	0.0203722267126121	0.473751592106166
ASCRP3001756	1.08794973424593	0.0111106364105673	0.473751592106166
ASCRP3001758	-1.21351807793821	0.000401949187029157	0.337562494762402
ASCRP3001760	1.34435128371852	0.0337295929011582	0.473751592106166
ASCRP3001808	-1.43103316362199	0.0064525533746196	0.473751592106166
ASCRP3001818	1.17341041529393	0.0434275138893586	0.473751592106166
ASCRP3001825	-2.16991608473558	0.0115092978709461	0.473751592106166
ASCRP3001831	-1.16331324539807	0.0414744682866684	0.473751592106166
ASCRP3001835	1.07085667898865	0.036364095780461	0.473751592106166
ASCRP3001837	-1.22191073366137	0.0418849512050368	0.473751592106166
ASCRP3001848	-1.26449572188485	0.0103484024662982	0.473751592106166
ASCRP3001858	1.1779095538754	0.00390130797778154	0.473751592106166
ASCRP3001892	1.27038462122301	0.00383636781999937	0.473751592106166
ASCRP3001896	-1.34866945789187	0.0420621921005864	0.473751592106166
ASCRP3001954	1.38849120033509	0.0288228473047479	0.473751592106166
ASCRP3001967	-1.11266530287091	0.0316539961829087	0.473751592106166
ASCRP3001988	-2.1734505138102	0.0145466433107481	0.473751592106166
ASCRP3002019	1.0915872231647	0.02535802554884	0.473751592106166
ASCRP3002050	-1.38744392056726	0.02465116921291	0.473751592106166
ASCRP3002063	-1.0119865251593	0.0101385186031008	0.473751592106166
ASCRP3002077	-1.09092641084081	0.00401782798620463	0.473751592106166
ASCRP3002096	1.34901643374542	0.0469470104459855	0.473751592106166
ASCRP3002104	1.19427614870698	0.0443543493750331	0.473751592106166
ASCRP3002110	-1.48874514059092	0.031697939170975	0.473751592106166
ASCRP3002132	-1.21588433146553	0.0270994341685522	0.473751592106166
ASCRP3002137	-1.37158693806062	0.0295258834014538	0.473751592106166
ASCRP3002140	1.15591272019651	0.0485572828888731	0.473751592106166
ASCRP3002146	1.47326793420309	0.035865429236048	0.473751592106166
ASCRP3002156	1.26611131642749	0.0321451535947226	0.473751592106166
ASCRP3002165	-1.39738711370583	0.0275996557137139	0.473751592106166
ASCRP3002184	-1.35426409256132	0.0461096872630557	0.473751592106166
ASCRP3002189	-1.45461947746071	0.0277212407797183	0.473751592106166
ASCRP3002252	-1.1933271108493	0.0271142086821295	0.473751592106166
ASCRP3002297	1.13751750542813	0.0415380109496437	0.473751592106166
ASCRP3002316	1.2220955786143	0.0394745718200708	0.473751592106166
ASCRP3002332	-1.498398516489	0.0147848053981926	0.473751592106166
ASCRP3002333	-1.28235454648181	0.0407574384237039	0.473751592106166
ASCRP3002353	1.35489217191184	0.0314672911050976	0.473751592106166
ASCRP3002396	-2.12741698467609	0.0302573047447728	0.473751592106166
ASCRP3002420	1.11320247035626	0.00522189021129503	0.473751592106166
ASCRP3002425	-1.3081045712507	0.0196804867122434	0.473751592106166
ASCRP3002430	1.1484314818469	0.0177859828373249	0.473751592106166
ASCRP3002434	-2.06614057756067	0.001411424835497	0.396975341799932
ASCRP3002435	1.24831524974783	0.000731298975094093	0.337562494762402
ASCRP3002442	-1.25671541407789	0.00211386348822263	0.428183852924818
ASCRP3002452	-1.69237910267663	0.0369596189543947	0.473751592106166
ASCRP3002478	-1.62547366782468	0.00959841275605853	0.473751592106166
ASCRP3002483	-1.98707448453471	0.00484089079715277	0.473751592106166
ASCRP3002516	1.14017414351293	0.0127326806158325	0.473751592106166
ASCRP3002551	-1.24518070920478	0.0315505871191564	0.473751592106166
ASCRP3002556	-1.27788976233923	0.00573363594869185	0.473751592106166
ASCRP3002567	-1.90065267958666	0.00415921121888762	0.473751592106166
ASCRP3002574	1.2499733425189	0.0188154679453032	0.473751592106166
ASCRP3002577	-1.84626546894235	0.0318643640643735	0.473751592106166
ASCRP3002639	-1.26831159175325	0.00586461983198622	0.473751592106166
ASCRP3002651	1.16513311710102	0.0493830922209169	0.473776628121422
ASCRP3002656	-1.33007978140859	0.0401362227957958	0.473751592106166
ASCRP3002666	-1.11269924209777	0.0453740752292626	0.473751592106166
ASCRP3002685	1.60715464731656	0.0397239604431524	0.473751592106166
ASCRP3002686	-1.34601571643354	0.0161781435147995	0.473751592106166
ASCRP3002689	1.07292481520403	0.038433632096832	0.473751592106166
ASCRP3002699	1.31374980009953	0.0139946590918278	0.473751592106166
ASCRP3002714	1.17437987841772	0.0265460668456949	0.473751592106166
ASCRP3002735	-1.40476216255104	0.0254531601805404	0.473751592106166
ASCRP3002736	-1.41465887552071	0.0182963133468817	0.473751592106166
ASCRP3002747	1.30891758444317	0.000612297012807938	0.337562494762402
ASCRP3002756	-1.33857084543829	0.0462085091224923	0.473751592106166
ASCRP3002768	1.2405311224297	0.000229434450259908	0.337562494762402
ASCRP3002783	1.28583678754347	0.0477697993045082	0.473751592106166
ASCRP3002800	-1.2668228795941	0.0107401859053838	0.473751592106166
ASCRP3002803	-1.1415225911699	0.000479321631710049	0.337562494762402
ASCRP3002829	-1.48427084222796	0.0213535047568603	0.473751592106166
ASCRP3002850	-1.28115225620681	0.0131897801869134	0.473751592106166
ASCRP3002860	-1.27482953026606	0.0446005977342286	0.473751592106166
ASCRP3002866	1.10591572252774	0.0304427226368055	0.473751592106166
ASCRP3002880	1.21515258523152	0.0311550363465814	0.473751592106166
ASCRP3002882	-3.45362274827365	0.0470530161690582	0.473751592106166
ASCRP3002884	1.11336486664543	0.00178530814647806	0.42138840059805
ASCRP3002890	-1.46104411321338	0.0347080064308431	0.473751592106166
ASCRP3002948	1.05480919500869	0.0371239846512308	0.473751592106166
ASCRP3002952	1.27319967192233	0.0342756298114501	0.473751592106166
ASCRP3002954	-1.53263060976099	0.0242743504067247	0.473751592106166
ASCRP3002970	1.25562187496451	0.000706206528174745	0.337562494762402
ASCRP3002974	1.36877007744852	0.00819212808467512	0.473751592106166
ASCRP3002983	-1.45101416674906	0.0089879096563502	0.473751592106166
ASCRP3002991	1.39993188998466	0.0259757540922006	0.473751592106166
ASCRP3002997	1.32266259637134	0.0196061863133016	0.473751592106166
ASCRP3003034	-1.45395427729166	0.0488189773387738	0.473751592106166
ASCRP3003045	1.1975069915109	0.0255404594541164	0.473751592106166
ASCRP3003055	-1.06973711392576	0.0228724255879738	0.473751592106166
ASCRP3003066	-1.36033084448231	0.0124330557549304	0.473751592106166
ASCRP3003071	1.30142855702258	0.0171596367946966	0.473751592106166
ASCRP3003072	-1.0964981191574	0.0473574205143212	0.473751592106166
ASCRP3003094	1.28848808208352	0.0146065645796009	0.473751592106166
ASCRP3003098	-1.58720330213879	0.038316262613478	0.473751592106166
ASCRP3003126	-1.12528201376794	0.0312353797231164	0.473751592106166
ASCRP3003129	-6.11009059978246	0.0244256151741642	0.473751592106166
ASCRP3003152	1.06642277792715	0.0404207687005516	0.473751592106166
ASCRP3003153	-1.08576054793127	0.0222847272733989	0.473751592106166
ASCRP3003164	1.27773640564229	0.012091812974204	0.473751592106166
ASCRP3003170	1.08892341283567	0.024590884496766	0.473751592106166
ASCRP3003206	-1.55215838836845	0.00110748940805455	0.348573359818976
ASCRP3003219	-1.78592061200379	0.047708377992695	0.473751592106166
ASCRP3003231	-1.07820958705377	0.0498299304480376	0.474106785126628
ASCRP3003261	1.12838124606086	0.0346415827789481	0.473751592106166
ASCRP3003307	-1.51687133962389	0.00765134405908676	0.473751592106166
ASCRP3003319	-1.3644549558411	0.0437887998612703	0.473751592106166
ASCRP3003348	-1.54084275023011	0.0433161777039219	0.473751592106166
ASCRP3003355	1.19790847638572	0.000899354402327443	0.337562494762402
ASCRP3003370	1.20996200809865	0.00353085388874327	0.473751592106166
ASCRP3003375	1.21849596304925	0.0383778221624297	0.473751592106166
ASCRP3003376	-1.21601052763821	0.0220684034103496	0.473751592106166
ASCRP3003396	1.3363308205651	0.028261526591164	0.473751592106166
ASCRP3003404	-1.22892451198641	0.0314513462586082	0.473751592106166
ASCRP3003412	1.07759143499088	0.0435386775308924	0.473751592106166
ASCRP3003415	-1.84784781516102	0.0229818061883971	0.473751592106166
ASCRP3003417	-1.53178111463385	0.0364020155502651	0.473751592106166
ASCRP3003428	1.39037498611191	0.0214850245736715	0.473751592106166
ASCRP3003436	-1.0538618883476	0.0425600169034121	0.473751592106166
ASCRP3003442	1.16951788895444	0.0235354389885389	0.473751592106166
ASCRP3003446	-1.08001904448385	0.00826847888531509	0.473751592106166
ASCRP3003450	1.14672042544867	0.0329857125191267	0.473751592106166
ASCRP3003474	1.43158714713551	0.0407300484881057	0.473751592106166
ASCRP3003504	-1.14609860350584	0.0387089170636905	0.473751592106166
ASCRP3003505	1.27906660249963	0.0223863756207892	0.473751592106166
ASCRP3003527	-1.15795980219755	0.0193518570733795	0.473751592106166
ASCRP3003555	1.10066119712807	0.0384443654752555	0.473751592106166
ASCRP3003568	1.16792366066277	0.0308666033097397	0.473751592106166
ASCRP3003586	1.41740215309465	0.0241065909227909	0.473751592106166
ASCRP3003593	-1.10178885064855	0.0431371843373582	0.473751592106166
ASCRP3003618	1.19091338035096	0.0490745120467354	0.473776628121422
ASCRP3003621	1.31197090321221	0.0344498977768625	0.473751592106166
ASCRP3003634	1.08948621562534	0.0128345014661055	0.473751592106166
ASCRP3003638	-1.72397575459455	0.0241546512601146	0.473751592106166
ASCRP3003660	4.67675357810085	0.029734766313082	0.473751592106166
ASCRP3003693	-1.31782547224985	0.02979263937114	0.473751592106166
ASCRP3003703	1.19050646104183	0.016810420331442	0.473751592106166
ASCRP3003715	-1.22116087165075	0.00316329460016011	0.473751592106166
ASCRP3003749	-2.66060203236071	0.0222217021289975	0.473751592106166
ASCRP3003751	-1.09132204449846	0.0276422362740214	0.473751592106166
ASCRP3003794	1.19771201335473	0.0327879666367612	0.473751592106166
ASCRP3003798	1.24491263216838	0.0119571271192263	0.473751592106166
ASCRP3003807	-1.09923435194222	0.00823135679653733	0.473751592106166
ASCRP3003815	-1.38106291553466	0.00500654898824607	0.473751592106166
ASCRP3003864	1.21468740269966	0.0481228861309101	0.473751592106166
ASCRP3003869	-1.20355789409931	0.0347296941389803	0.473751592106166
ASCRP3003878	1.23133528306006	0.0233033020255727	0.473751592106166
ASCRP3003886	1.18013841580702	0.00180185237379833	0.42138840059805
ASCRP3003904	-1.09174717902695	0.00812726349071919	0.473751592106166
ASCRP3003921	1.84991279592259	0.0362046497823895	0.473751592106166
ASCRP3003927	1.04560621147105	0.0279155142142207	0.473751592106166
ASCRP3003929	-1.56346384779656	0.00323977898444987	0.473751592106166
ASCRP3003934	-1.31569304129452	0.0256166347845619	0.473751592106166
ASCRP3003936	-1.86478642073854	0.0110337604760699	0.473751592106166
ASCRP3003945	2.3134751750187	0.0153298221365423	0.473751592106166
ASCRP3003952	-2.10940529939357	0.0285336308996849	0.473751592106166
ASCRP3003973	1.19328007691915	0.00993442452662745	0.473751592106166
ASCRP3003984	1.15957999892989	0.0110782040189148	0.473751592106166
ASCRP3003991	1.26856232732435	0.0185111722294547	0.473751592106166
ASCRP3004001	-1.33193611719161	0.0446312566948457	0.473751592106166
ASCRP3004010	-1.34414341181967	0.00971367038630986	0.473751592106166
ASCRP3004012	-1.10104704297412	0.0312110416605731	0.473751592106166
ASCRP3004013	-1.59389462809192	0.0353384786953534	0.473751592106166
ASCRP3004014	-1.08937598614409	0.0151764598400875	0.473751592106166
ASCRP3004053	-1.2117106277948	0.0439746527672306	0.473751592106166
ASCRP3004059	-1.18209067088608	0.0125120569134403	0.473751592106166
ASCRP3004068	1.15636635472523	0.0219389197522852	0.473751592106166
ASCRP3004091	-2.50239564674963	0.00530454815457576	0.473751592106166
ASCRP3004112	-1.23423724965945	0.00634682796144663	0.473751592106166
ASCRP3004138	1.23363176894706	0.0187960372271547	0.473751592106166
ASCRP3004197	-1.42137698327441	0.00995518735457083	0.473751592106166
ASCRP3004206	1.24948613220642	0.00283600154195118	0.467150434511262
ASCRP3004214	-1.15389311035052	0.0227812343591004	0.473751592106166
ASCRP3004263	1.16617565748774	0.0131881724569212	0.473751592106166
ASCRP3004265	1.30925612343226	0.0169343053191512	0.473751592106166
ASCRP3004272	1.1550135513351	0.0276613124526275	0.473751592106166
ASCRP3004284	1.27353604860907	0.00146470352616558	0.396975341799932
ASCRP3004289	-1.3615330409322	0.0271386894573259	0.473751592106166
ASCRP3004308	-1.61150167767328	0.0467514805535921	0.473751592106166
ASCRP3004311	1.39345132837035	0.0150502898540047	0.473751592106166
ASCRP3004316	-1.63520087230465	0.0407173806692255	0.473751592106166
ASCRP3004317	-1.63628528774978	0.0488121765717307	0.473751592106166
ASCRP3004334	-1.65158988269927	0.0407887425901304	0.473751592106166
ASCRP3004352	1.31517404854091	0.0374297545109826	0.473751592106166
ASCRP3004358	-1.21504828966462	0.0449271206106853	0.473751592106166
ASCRP3004371	1.2697911840395	0.0232722935870321	0.473751592106166
ASCRP3004399	-1.19543019534056	0.0359605708170503	0.473751592106166
ASCRP3004402	-1.90923765714137	0.0377845508751125	0.473751592106166
ASCRP3004404	-1.73679949430062	0.000919184157252676	0.337562494762402
ASCRP3004407	1.16716949465562	0.00593547722557146	0.473751592106166
ASCRP3004414	-1.49605915087933	0.0426550580338216	0.473751592106166
ASCRP3004458	-1.31809022035082	0.000311096170220101	0.337562494762402
ASCRP3004469	1.14941876574209	0.0220511780439212	0.473751592106166
ASCRP3004494	1.22309656448941	0.0225575638103741	0.473751592106166
ASCRP3004495	1.089736262639	0.0117055611573985	0.473751592106166
ASCRP3004508	-2.30388294507234	0.023872023680745	0.473751592106166
ASCRP3004515	1.25464608988466	0.0255598420820003	0.473751592106166
ASCRP3004554	-1.29093243680561	0.0159800648840186	0.473751592106166
ASCRP3004556	1.16170382238539	0.0413272330331285	0.473751592106166
ASCRP3004583	-1.24276267803566	0.0409612046750007	0.473751592106166
ASCRP3004606	-1.43842518638333	0.0448396004320437	0.473751592106166
ASCRP3004609	1.13461452851641	0.0446192085077627	0.473751592106166
ASCRP3004618	1.2321135678672	0.0349445133444232	0.473751592106166
ASCRP3004664	1.21270511522488	0.0206183519896009	0.473751592106166
ASCRP3004665	-1.48252610229607	0.0215071070891521	0.473751592106166
ASCRP3004667	1.15767272505551	0.0292596578906799	0.473751592106166
ASCRP3004676	-1.26513930260317	0.029112890984453	0.473751592106166
ASCRP3004677	1.11148534694849	0.0490574202670307	0.473776628121422
ASCRP3004691	-1.54365801442347	0.012467172172977	0.473751592106166
ASCRP3004701	-1.26942029250646	0.0194590012531968	0.473751592106166
ASCRP3004704	1.80503329567259	0.028060141171001	0.473751592106166
ASCRP3004705	-2.12973731315411	0.0482283398233694	0.473751592106166
ASCRP3004706	-1.16055229664312	0.0316016264738066	0.473751592106166
ASCRP3004719	1.20127524461563	0.0370460517600553	0.473751592106166
ASCRP3004723	-1.22936539942355	0.0140053029731911	0.473751592106166
ASCRP3004727	1.17060678051045	0.0301826540438885	0.473751592106166
ASCRP3004742	-1.22312127317747	0.0189900491177977	0.473751592106166
ASCRP3004744	-1.19944281313996	0.0429582967627253	0.473751592106166
ASCRP3004752	-2.02323670360914	0.031963732463892	0.473751592106166
ASCRP3004761	-1.20545947188283	0.0321930561925399	0.473751592106166
ASCRP3004778	-1.45497698810154	0.0212548058912829	0.473751592106166
ASCRP3004787	-1.79723849747222	0.0100061410542732	0.473751592106166
ASCRP3004792	-2.51212241838622	0.041447129496285	0.473751592106166
ASCRP3004794	1.31137051564472	0.0405299724309463	0.473751592106166
ASCRP3004819	-1.35552545340792	0.0478551300267383	0.473751592106166
ASCRP3004825	1.27921967107241	0.0172133241286365	0.473751592106166
ASCRP3004830	1.05998856772473	0.0344001452895712	0.473751592106166
ASCRP3004831	2.77648268204712	0.00808958971216437	0.473751592106166
ASCRP3004852	1.61637932947845	0.0293840117418122	0.473751592106166
ASCRP3004858	-3.06686791694138	0.0107381991235913	0.473751592106166
ASCRP3004868	-1.13521676562442	0.0133835746000964	0.473751592106166
ASCRP3004873	1.25933173620771	0.0499243874936945	0.474106785126628
ASCRP3004876	-1.17460582951888	0.0174188388642811	0.473751592106166
ASCRP3004889	-1.16050261696286	0.023618199271492	0.473751592106166
ASCRP3004903	-2.02890901373546	0.0118986862113352	0.473751592106166
ASCRP3004938	1.29899835186497	0.00374432880673132	0.473751592106166
ASCRP3004958	1.09094281839653	0.0368485404601544	0.473751592106166
ASCRP3004980	1.95757378043503	0.0492456562858343	0.473776628121422
ASCRP3004991	1.13219743028477	0.0154633248091808	0.473751592106166
ASCRP3005006	-1.09607079522738	0.0387314632087351	0.473751592106166
ASCRP3005017	-1.21342841866431	0.0228754310851324	0.473751592106166
ASCRP3005058	1.27949907819545	0.0283669734454046	0.473751592106166
ASCRP3005088	-1.63910396326778	0.0281922004639849	0.473751592106166
ASCRP3005109	1.05132791956762	0.0402559225173021	0.473751592106166
ASCRP3005150	-1.49267197043304	0.0135664348543074	0.473751592106166
ASCRP3005157	1.32714080432941	0.0486493017383948	0.473751592106166
ASCRP3005164	2.5017777897487	0.00983249581081942	0.473751592106166
ASCRP3005173	-1.75454704599857	0.00400133804985009	0.473751592106166
ASCRP3005187	1.17262569658419	0.0443067808230042	0.473751592106166
ASCRP3005188	1.23932288240386	0.0220538117724095	0.473751592106166
ASCRP3005201	1.42861215633839	0.0367912941009305	0.473751592106166
ASCRP3005209	1.29785458281922	0.00546797192469974	0.473751592106166
ASCRP3005213	-1.61148197489236	0.0312025422570023	0.473751592106166
ASCRP3005240	1.25628048244588	0.0160769403239689	0.473751592106166
ASCRP3005260	-1.1513425240542	0.0419934831668677	0.473751592106166
ASCRP3005287	-1.04096020183527	0.0179016779344085	0.473751592106166
ASCRP3005290	-1.26693960073402	0.00253740597790287	0.436876428878883
ASCRP3005292	-1.56983383244127	0.00198666254253462	0.42138840059805
ASCRP3005301	1.21213081047301	0.022386027161131	0.473751592106166
ASCRP3005304	1.32600375815135	0.0117198214730419	0.473751592106166
ASCRP3005305	1.1052769127186	0.00547397245165084	0.473751592106166
ASCRP3005313	1.53513809398711	0.024553609321691	0.473751592106166
ASCRP3005337	1.1009602383796	0.0190159817322762	0.473751592106166
ASCRP3005338	1.2039258622407	0.00428500612201767	0.473751592106166
ASCRP3005345	-1.96570036134563	0.027031404281919	0.473751592106166
ASCRP3005350	-1.16331293817979	0.0471774637867831	0.473751592106166
ASCRP3005357	-1.38659834882673	0.0197604622573573	0.473751592106166
ASCRP3005370	1.82774469366258	0.0383924489962216	0.473751592106166
ASCRP3005394	1.37312195496643	0.0138133645707526	0.473751592106166
ASCRP3005403	-1.3306926593402	0.0323376813403907	0.473751592106166
ASCRP3005432	-1.42343818843833	0.00404185178639006	0.473751592106166
ASCRP3005434	-1.33978315542942	0.0144479429216553	0.473751592106166
ASCRP3005458	1.18297241765745	0.0166308751616926	0.473751592106166
ASCRP3005468	1.206907777129	0.045514921327958	0.473751592106166
ASCRP3005492	1.042979970173	0.0428646673135045	0.473751592106166
ASCRP3005515	2.64725146007177	0.0385789559783509	0.473751592106166
ASCRP3005517	2.18005087146123	0.0177330450442006	0.473751592106166
ASCRP3005542	1.2804875012877	0.00855749321218313	0.473751592106166
ASCRP3005544	-1.62446228785564	0.014010820589273	0.473751592106166
ASCRP3005545	-1.65230681264364	0.036218564712502	0.473751592106166
ASCRP3005563	1.72618551720335	0.0351180239360786	0.473751592106166
ASCRP3005572	-1.628797914524	0.0188158856735399	0.473751592106166
ASCRP3005574	-1.20531633042888	0.0245406554918331	0.473751592106166
ASCRP3005575	1.20320518707323	0.0310425634897488	0.473751592106166
ASCRP3005606	-1.80560946216427	0.0476244918350644	0.473751592106166
ASCRP3005614	-1.76813929884835	0.0236405748674175	0.473751592106166
ASCRP3005629	-1.23971723648592	0.000635705614700136	0.337562494762402
ASCRP3005647	1.29847608553413	0.0191549873223771	0.473751592106166
ASCRP3005667	1.18939415687742	0.00219423927910638	0.428183852924818
ASCRP3005689	-1.19592049076429	0.045624043788701	0.473751592106166
ASCRP3005701	-1.05409727135351	0.0129702519675241	0.473751592106166
ASCRP3005710	1.37360064731925	0.0416600011323935	0.473751592106166
ASCRP3005717	1.13093368113101	0.0469277893077023	0.473751592106166
ASCRP3005730	1.13370575686169	0.0142738565573218	0.473751592106166
ASCRP3005737	1.23919137827649	0.00979068183712366	0.473751592106166
ASCRP3005738	-1.11281621408242	0.00959362417587425	0.473751592106166
ASCRP3005749	1.30632928956381	0.0386223501176279	0.473751592106166
ASCRP3005752	1.99478845856006	0.00895099924484681	0.473751592106166
ASCRP3005757	-1.70028597151046	0.0107910779709702	0.473751592106166
ASCRP3005760	1.26058787560414	0.00521266495168543	0.473751592106166
ASCRP3005770	2.91401867123696	0.0190196248857971	0.473751592106166
ASCRP3005778	1.31240071019024	0.0192025586790701	0.473751592106166
ASCRP3005782	-2.34468546448475	0.0436314755857892	0.473751592106166
ASCRP3005787	1.2508676569512	0.0284999151994237	0.473751592106166
ASCRP3005797	-1.58181461221261	0.0412344305107604	0.473751592106166
ASCRP3005800	1.27036858274033	0.0100855174131068	0.473751592106166
ASCRP3005801	-1.10852735485035	0.00987741557611999	0.473751592106166
ASCRP3005834	1.23445929507722	0.0262085321872413	0.473751592106166
ASCRP3005843	1.15262794620819	0.0244293707330172	0.473751592106166
ASCRP3005856	-1.06580601506117	0.00470824420273154	0.473751592106166
ASCRP3005860	-2.43446887834915	0.0464698850072419	0.473751592106166
ASCRP3005866	1.23158783868004	0.0200048769857219	0.473751592106166
ASCRP3005867	1.72576449127121	0.000438953747661015	0.337562494762402
ASCRP3005880	-1.16090835466064	0.0414222398629581	0.473751592106166
ASCRP3005882	-1.08508615744239	0.0245495758005058	0.473751592106166
ASCRP3005885	-1.1611546274511	0.0187553178879079	0.473751592106166
ASCRP3005905	1.13493107251005	0.0146531565575986	0.473751592106166
ASCRP3005932	3.23471158580063	0.00181496062610305	0.42138840059805
ASCRP3005949	-1.24783561209118	0.0288387222919334	0.473751592106166
ASCRP3005969	1.18330590708075	0.0307507744150958	0.473751592106166
ASCRP3005973	-1.72871683392418	0.0461621630322227	0.473751592106166
ASCRP3005983	-1.35654805571782	0.0226659947577775	0.473751592106166
ASCRP3005990	-1.24588740463389	0.032920952266817	0.473751592106166
ASCRP3005993	-1.42529972214192	0.0193710064889287	0.473751592106166
ASCRP3005998	-1.15169308914345	0.000712632646261385	0.337562494762402
ASCRP3005999	1.15674737045042	0.0377164178036308	0.473751592106166
ASCRP3006002	-1.21509421890389	0.0405632359756528	0.473751592106166
ASCRP3006007	1.18753605634118	0.00982001306520473	0.473751592106166
ASCRP3006010	-1.44547184482425	0.0149116550011489	0.473751592106166
ASCRP3006029	-1.1974487024903	0.00508605751924323	0.473751592106166
ASCRP3006049	-1.60025230648641	0.0263650059381632	0.473751592106166
ASCRP3006064	-1.26931667999533	0.000835482990138476	0.337562494762402
ASCRP3006081	1.21815060953503	0.0318317769985135	0.473751592106166
ASCRP3006095	1.23288122861375	0.0293958051114567	0.473751592106166
ASCRP3006163	1.08233006146782	0.0407731924626978	0.473751592106166
ASCRP3006168	-1.66306546223011	0.0130287453959824	0.473751592106166
ASCRP3006171	1.28834558652023	0.0233896276702515	0.473751592106166
ASCRP3006173	1.20089636749935	0.00288734720074627	0.467150434511262
ASCRP3006176	1.09621168510218	0.0480367391631451	0.473751592106166
ASCRP3006177	1.22340843771488	0.00165384516865784	0.42138840059805
ASCRP3006183	-1.23552810339534	0.00446054261377768	0.473751592106166
ASCRP3006200	1.15282874551204	0.0247195126419766	0.473751592106166
ASCRP3006203	1.8416374504404	0.0189161181262956	0.473751592106166
ASCRP3006206	1.35251328038017	0.0441652056770531	0.473751592106166
ASCRP3006208	2.4493465264681	0.00801999745846638	0.473751592106166
ASCRP3006209	1.36463597052348	0.00640415078203603	0.473751592106166
ASCRP3006221	-2.35307522086692	0.0206280236874784	0.473751592106166
ASCRP3006228	1.45128513947541	0.0218432457782875	0.473751592106166
ASCRP3006230	2.27354192260396	0.0227756229461726	0.473751592106166
ASCRP3006248	-1.15753043326422	0.00712934495470104	0.473751592106166
ASCRP3006259	-1.17710569875482	0.00320620932816609	0.473751592106166
ASCRP3006266	1.27612687609461	0.0239177075495467	0.473751592106166
ASCRP3006279	1.21716336240021	0.0476073136974414	0.473751592106166
ASCRP3006288	1.38333704243486	0.0465825940233159	0.473751592106166
ASCRP3006293	-1.20541091814209	0.0109127636996252	0.473751592106166
ASCRP3006299	-1.26502143146756	0.0326103148632884	0.473751592106166
ASCRP3006300	-1.07362924650487	0.0430114509970296	0.473751592106166
ASCRP3006306	1.19137472464651	0.00987016435016883	0.473751592106166
ASCRP3006320	-1.49176969557212	0.047108059407374	0.473751592106166
ASCRP3006332	-1.16612779716951	0.0488463771301427	0.473751592106166
ASCRP3006357	1.73232433930775	0.034696541383886	0.473751592106166
ASCRP3006375	-1.26042923580086	0.0281832670970273	0.473751592106166
ASCRP3006377	1.32736662499233	0.00157873606777876	0.416316967927495
ASCRP3006393	-1.295268171049	0.0437225504848524	0.473751592106166
ASCRP3006397	-1.80301221158068	0.0292972173237329	0.473751592106166
ASCRP3006423	2.32859224827777	0.0493304635770279	0.473776628121422
ASCRP3006430	1.69885627516828	0.0094982285768359	0.473751592106166
ASCRP3006435	-2.10921178096434	0.0251663238851559	0.473751592106166
ASCRP3006436	2.76302139857912	0.013634681418728	0.473751592106166
ASCRP3006442	-1.46325327297926	0.043598723333911	0.473751592106166
ASCRP3006458	1.17895600413225	0.0257783898267189	0.473751592106166
ASCRP3006460	-1.49424176168482	0.0374877156891315	0.473751592106166
ASCRP3006469	-1.60498508845784	0.0455581546051665	0.473751592106166
ASCRP3006486	1.42020430392888	0.0368653410108377	0.473751592106166
ASCRP3006487	-3.45291786493412	0.00335447246290479	0.473751592106166
ASCRP3006503	1.17304218101442	0.0481673350755576	0.473751592106166
ASCRP3006516	-1.29945387144857	0.0386115186889086	0.473751592106166
ASCRP3006524	1.35033024213598	0.0385704769561077	0.473751592106166
ASCRP3006537	-1.29992698008368	0.0237471208923695	0.473751592106166
ASCRP3006547	-1.24241974482483	0.0194340449601659	0.473751592106166
ASCRP3006559	2.02834089883814	0.0277585078654756	0.473751592106166
ASCRP3006568	1.18950204385425	0.0418399475584688	0.473751592106166
ASCRP3006579	-1.30081773081319	0.0418313133340437	0.473751592106166
ASCRP3006601	1.27289546689466	0.0299863595765059	0.473751592106166
ASCRP3006609	-1.13850102657067	0.0278554355274746	0.473751592106166
ASCRP3006625	-1.38324807846511	0.0440141636253804	0.473751592106166
ASCRP3006633	-1.37181222387569	0.0393694831592133	0.473751592106166
ASCRP3006637	-1.10771980266769	0.00516273248522342	0.473751592106166
ASCRP3006648	1.19245517890778	0.0158892659724467	0.473751592106166
ASCRP3006662	1.33945852692875	0.0363985731257402	0.473751592106166
ASCRP3006712	1.32634921021742	0.0327929081228935	0.473751592106166
ASCRP3006733	-2.68159045880806	0.0378889085233046	0.473751592106166
ASCRP3006766	-1.07925695182215	0.0450854902410597	0.473751592106166
ASCRP3006781	1.22092463894395	0.0424322962328647	0.473751592106166
ASCRP3006788	1.24551028277332	0.0147772959508322	0.473751592106166
ASCRP3006801	1.19545842389902	0.0269534191469858	0.473751592106166
ASCRP3006832	-1.21929100220089	0.0492510944226132	0.473776628121422
ASCRP3006846	1.09642714613189	0.0451824409509266	0.473751592106166
ASCRP3006873	-1.44786146597572	0.0157901651294212	0.473751592106166
ASCRP3006919	1.56542647407224	0.0204502522051848	0.473751592106166
ASCRP3006930	1.40145755555035	0.00933648564420263	0.473751592106166
ASCRP3006959	-1.08812728466066	0.0469974346101598	0.473751592106166
ASCRP3006969	1.14704060815625	0.0371299296426521	0.473751592106166
ASCRP3006971	1.19436802857066	0.0252650899889913	0.473751592106166
ASCRP3006983	1.34122718205537	0.00469453392340189	0.473751592106166
ASCRP3007032	-1.17251836338066	0.0233995416943935	0.473751592106166
ASCRP3007040	1.84012131923854	0.043325865793405	0.473751592106166
ASCRP3007044	1.23992203043662	0.0106882118000174	0.473751592106166
ASCRP3007050	2.10880115310543	0.0323967293824552	0.473751592106166
ASCRP3007066	1.19767784236258	0.0385003609648556	0.473751592106166
ASCRP3007067	-1.22186296695586	0.0199335450701473	0.473751592106166
ASCRP3007077	2.37934858764498	0.0398696454413646	0.473751592106166
ASCRP3007085	1.08559847156046	0.0188027662633784	0.473751592106166
ASCRP3007093	-1.14676852868465	0.030756361160077	0.473751592106166
ASCRP3007126	1.29616781870238	0.000749549710001814	0.337562494762402
ASCRP3007137	-2.07761514953829	0.00259699014809626	0.436876428878883
ASCRP3007140	1.40297955206171	0.0477886496011744	0.473751592106166
ASCRP3007174	-1.25727840749733	0.00103790866484289	0.337562494762402
ASCRP3007189	-2.47529344004201	0.0281276110468314	0.473751592106166
ASCRP3007199	1.46154549797249	0.0192142212454176	0.473751592106166
ASCRP3007209	-2.702560795198	0.0231251745032965	0.473751592106166
ASCRP3007221	-1.16771352005035	0.0245354347818755	0.473751592106166
ASCRP3007229	1.36030328383143	0.0191303136099814	0.473751592106166
ASCRP3007262	1.2242607640311	0.033660712134397	0.473751592106166
ASCRP3007264	1.22922725655742	0.0437057224470605	0.473751592106166
ASCRP3007269	1.8408966345445	0.0430856823245891	0.473751592106166
ASCRP3007282	-1.67306519011491	0.0247120828314306	0.473751592106166
ASCRP3007291	1.22510631070419	0.00218192546335555	0.428183852924818
ASCRP3007294	1.19757246283015	0.0457091927779788	0.473751592106166
ASCRP3007311	1.13943209047321	0.0113705245714722	0.473751592106166
ASCRP3007314	-1.12390797244816	0.0485133589654918	0.473751592106166
ASCRP3007317	1.33335070807816	0.0122109287857526	0.473751592106166
ASCRP3007333	-1.20732228915096	0.0103314702801922	0.473751592106166
ASCRP3007337	-1.27453440390209	0.0442296946541905	0.473751592106166
ASCRP3007344	-1.55608499284532	0.0458288839245879	0.473751592106166
ASCRP3007361	-1.38651290337609	0.0471735010071966	0.473751592106166
ASCRP3007365	-1.14350902070753	0.0211059749030782	0.473751592106166
ASCRP3007379	1.06847568225958	0.0418941374382834	0.473751592106166
ASCRP3007409	-1.50386850839975	0.0366073597335031	0.473751592106166
ASCRP3007410	1.22195799742409	0.00337798024506768	0.473751592106166
ASCRP3007424	1.28372395274443	0.00607563456026523	0.473751592106166
ASCRP3007431	1.76598051207727	0.0229121449513022	0.473751592106166
ASCRP3007432	1.35657743155642	0.0355007020336379	0.473751592106166
ASCRP3007443	1.67817356367145	0.0242414584174835	0.473751592106166
ASCRP3007446	-1.33112610843995	0.0267591959375374	0.473751592106166
ASCRP3007452	1.21489410336406	0.0468094232841512	0.473751592106166
ASCRP3007456	-1.83483446845066	0.0343171947004407	0.473751592106166
ASCRP3007463	-1.04438852050609	0.0266311392699356	0.473751592106166
ASCRP3007469	1.38366440461587	0.0418559966055423	0.473751592106166
ASCRP3007488	-1.50595484104114	0.0214138281227239	0.473751592106166
ASCRP3007520	1.35718831372053	0.0077582687281332	0.473751592106166
ASCRP3007523	1.10756588607924	0.0112128114174731	0.473751592106166
ASCRP3007525	-1.53652338952499	0.0150342356920165	0.473751592106166
ASCRP3007549	-1.95842032334129	0.0343694972707001	0.473751592106166
ASCRP3007567	-1.35918586507841	0.0448523494357621	0.473751592106166
ASCRP3007569	-1.19591989917122	0.00854324680447355	0.473751592106166
ASCRP3007579	1.31226492249761	0.047394661918678	0.473751592106166
ASCRP3007592	-1.04524124765379	0.000172528716146025	0.337562494762402
ASCRP3007608	1.32375429028782	0.00821989700003493	0.473751592106166
ASCRP3007613	1.51680365979195	0.0498202278052888	0.474106785126628
ASCRP3007617	1.28145793589869	0.0463369336706296	0.473751592106166
ASCRP3007638	-1.42592560187212	0.0379904619516058	0.473751592106166
ASCRP3007663	2.19132877401081	0.0326830680134724	0.473751592106166
ASCRP3007674	-1.38219847098199	0.00654404269549037	0.473751592106166
ASCRP3007677	1.2268182877838	0.00755105178065115	0.473751592106166
ASCRP3007679	1.32774975449007	0.0376929810316864	0.473751592106166
ASCRP3007691	-1.34869278388273	0.0303031749503315	0.473751592106166
ASCRP3007699	1.13704412108138	0.0196441754387093	0.473751592106166
ASCRP3007721	-1.19181009112641	0.0183710301974764	0.473751592106166
ASCRP3007746	-1.90770858979143	0.0136363566812364	0.473751592106166
ASCRP3007780	-1.83635129945724	0.0432500038222476	0.473751592106166
ASCRP3007785	-2.42300419069913	0.0369356762641463	0.473751592106166
ASCRP3007792	-3.49661678779155	0.0359509756725183	0.473751592106166
ASCRP3007805	-1.23931681592652	0.00736839248540722	0.473751592106166
ASCRP3007808	-1.18695401104726	0.0350973658410581	0.473751592106166
ASCRP3007809	1.27952873229817	0.0143356280506117	0.473751592106166
ASCRP3007820	1.13770595257151	0.0115767935870626	0.473751592106166
ASCRP3007844	-1.92910545971945	0.00245964206136117	0.436340501685471
ASCRP3007854	-1.24854819306355	0.025386638031946	0.473751592106166
ASCRP3007865	-2.41186298586333	0.0289797677607154	0.473751592106166
ASCRP3007866	-1.30445096062359	0.0373010260623907	0.473751592106166
ASCRP3007879	-1.26562868023073	0.0443410671628019	0.473751592106166
ASCRP3007880	1.0621549779525	0.0156314639954672	0.473751592106166
ASCRP3007912	1.68991480114482	0.0155014664731007	0.473751592106166
ASCRP3007916	-1.45900610498266	0.0125383395345158	0.473751592106166
ASCRP3007919	1.22221200849899	0.00972950263888772	0.473751592106166
ASCRP3007932	1.17878327942992	0.0226580721262711	0.473751592106166
ASCRP3007933	1.27734393490008	0.038622751469608	0.473751592106166
ASCRP3007939	-1.16094593974252	0.0356385628220262	0.473751592106166
ASCRP3007944	1.0858761383963	0.0268090894769477	0.473751592106166
ASCRP3007979	1.12437056717207	0.0198886039766037	0.473751592106166
ASCRP3007993	1.1765808984266	0.040479721276424	0.473751592106166
ASCRP3008018	1.18238493304561	0.0131071074175229	0.473751592106166
ASCRP3008022	1.24012219523526	0.0323485828514415	0.473751592106166
ASCRP3008026	1.08154567222598	0.0392891201784555	0.473751592106166
ASCRP3008027	-1.61062325794975	0.00591738540824702	0.473751592106166
ASCRP3008078	1.11754287391351	0.0169759206522721	0.473751592106166
ASCRP3008093	1.14834138171842	0.00542427979799902	0.473751592106166
ASCRP3008114	-1.19596928839041	0.0123841299304757	0.473751592106166
ASCRP3008117	-1.25093721737741	0.0483857024174765	0.473751592106166
ASCRP3008133	-1.17342826187023	0.0125534463352192	0.473751592106166
ASCRP3008137	1.08466872171369	0.0384483297553021	0.473751592106166
ASCRP3008139	-2.87269024288741	0.00419414753139521	0.473751592106166
ASCRP3008140	-2.1942934181457	0.0191600338632257	0.473751592106166
ASCRP3008142	-1.55976595394372	0.0471856610011871	0.473751592106166
ASCRP3008159	-1.40409439438817	0.0128066784748168	0.473751592106166
ASCRP3008172	-1.28786515142247	0.00376050513264197	0.473751592106166
ASCRP3008181	-1.48411588286902	0.029155394058732	0.473751592106166
ASCRP3008186	-1.35098606425942	0.0382804376358289	0.473751592106166
ASCRP3008189	-1.19057056043212	0.0177898912650309	0.473751592106166
ASCRP3008202	-1.17119631106795	0.0340317363683517	0.473751592106166
ASCRP3008205	-1.46447232261814	0.0128303095192143	0.473751592106166
ASCRP3008212	-1.12124983667751	0.023729967439833	0.473751592106166
ASCRP3008233	1.1656501113187	0.0493243960744043	0.473776628121422
ASCRP3008265	1.26239198435378	0.0178670468084478	0.473751592106166
ASCRP3008274	1.14148836408618	0.00684342034625071	0.473751592106166
ASCRP3008283	-1.15412529760772	0.0253037692152937	0.473751592106166
ASCRP3008316	1.18137455775859	0.0305061904454759	0.473751592106166
ASCRP3008319	-1.28908748732857	0.0267154329518997	0.473751592106166
ASCRP3008322	-1.06993645386915	0.0290873913156716	0.473751592106166
ASCRP3008366	-1.51409221857699	0.0452131368778115	0.473751592106166
ASCRP3008377	1.15166548237992	0.0254937392748096	0.473751592106166
ASCRP3008378	1.22464511162341	0.0136866342199964	0.473751592106166
ASCRP3008384	1.15395256206923	0.038317209028142	0.473751592106166
ASCRP3008385	-1.25399108127125	0.016873894332742	0.473751592106166
ASCRP3008390	-1.25351649179066	0.0259724212244189	0.473751592106166
ASCRP3008396	1.37168542042531	0.0145972911222849	0.473751592106166
ASCRP3008399	-1.30869983870094	0.00831876328449306	0.473751592106166
ASCRP3008416	-1.45633928905869	0.0177695747588445	0.473751592106166
ASCRP3008448	-1.15874714159045	0.00170782929732276	0.42138840059805
ASCRP3008463	1.16151428683651	0.00626878603196795	0.473751592106166
ASCRP3008511	1.32634160655868	0.00752906101050453	0.473751592106166
ASCRP3008524	1.20511822784921	0.0375345126842803	0.473751592106166
ASCRP3008528	1.09768039019793	0.0136750079339982	0.473751592106166
ASCRP3008551	1.20509945909363	0.0267324885194107	0.473751592106166
ASCRP3008563	1.24845231284156	0.0275370683698792	0.473751592106166
ASCRP3008579	-1.15257366877906	0.0273569519441951	0.473751592106166
ASCRP3008590	1.59838491575263	0.0288204055436703	0.473751592106166
ASCRP3008591	2.29171288693211	0.0154593094643287	0.473751592106166
ASCRP3008651	1.31796999845281	0.0399764194157153	0.473751592106166
ASCRP3008655	1.36377006854209	0.0145007981461167	0.473751592106166
ASCRP3008656	1.29729221754205	0.0285309506382271	0.473751592106166
ASCRP3008658	1.13953238768601	0.0489052604828087	0.473776628121422
ASCRP3008729	1.1711581386934	0.0304044160717525	0.473751592106166
ASCRP3008745	1.22958861470794	0.0369961517665909	0.473751592106166
ASCRP3008757	1.48255972124128	0.036257204896515	0.473751592106166
ASCRP3008763	-1.68299800205988	0.0229867261448529	0.473751592106166
ASCRP3008766	-2.13581912287373	0.0414810481700415	0.473751592106166
ASCRP3008776	1.2684755530151	0.0332410964691891	0.473751592106166
ASCRP3008784	1.34474123577966	0.0451437516922383	0.473751592106166
ASCRP3008793	1.2745099225444	0.0364273719734605	0.473751592106166
ASCRP3008806	1.2660814321092	0.0206415616405799	0.473751592106166
ASCRP3008809	1.29561779070202	0.036140839623783	0.473751592106166
ASCRP3008843	1.41173485278522	0.00904345493167685	0.473751592106166
ASCRP3008845	-1.3433401795926	0.0348600828601413	0.473751592106166
ASCRP3008860	-2.48215974668164	0.0208337493090771	0.473751592106166
ASCRP3008865	-1.8107155064271	0.0019337749824434	0.42138840059805
ASCRP3008877	-5.84903174429344	0.0113071618883494	0.473751592106166
ASCRP3008892	1.23206339170911	0.0422820820466414	0.473751592106166
ASCRP3008895	1.22436928293994	0.0112050049317879	0.473751592106166
ASCRP3008927	-1.20546686188402	0.0222459511502518	0.473751592106166
ASCRP3008940	-1.76576194941833	0.0448446401850499	0.473751592106166
ASCRP3008948	-1.73426408104633	0.00439132608559409	0.473751592106166
ASCRP3008951	-1.78717278112436	0.0421583865308838	0.473751592106166
ASCRP3008961	-1.09821979017916	0.0408018872086669	0.473751592106166
ASCRP3008963	1.18058905961338	0.0487764090701806	0.473751592106166
ASCRP3008975	-1.30319081309624	0.000965615672130688	0.337562494762402
ASCRP3008985	-2.33104597518475	0.0174593244154027	0.473751592106166
ASCRP3008987	1.15111430043685	0.046628646048857	0.473751592106166
ASCRP3009000	1.41553831548872	0.0393239796257298	0.473751592106166
ASCRP3009002	1.23463821612388	0.0432229411495162	0.473751592106166
ASCRP3009016	1.42929331789687	0.0180092155914805	0.473751592106166
ASCRP3009019	1.39228100499342	0.0125476741536545	0.473751592106166
ASCRP3009036	-1.30486252470236	0.0405859769834296	0.473751592106166
ASCRP3009057	1.30511487313415	0.0264460058915516	0.473751592106166
ASCRP3009061	1.23912834642021	0.00495887062076795	0.473751592106166
ASCRP3009062	1.29183691130989	0.0282944787252096	0.473751592106166
ASCRP3009066	-1.20422324305223	0.0244908298066092	0.473751592106166
ASCRP3009073	1.16704198223248	0.0390889955398447	0.473751592106166
ASCRP3009080	2.75403369823404	0.0348432727964022	0.473751592106166
ASCRP3009084	1.75800649431161	0.0248233344425708	0.473751592106166
ASCRP3009085	1.15777853075095	0.00224734318743832	0.429947597643837
ASCRP3009096	1.59095505833939	0.0169764003630543	0.473751592106166
ASCRP3009101	-1.63256035365159	0.043619674511981	0.473751592106166
ASCRP3009102	-2.32675150755176	0.0105661644889348	0.473751592106166
ASCRP3009111	-1.47272328845767	0.0414506133351005	0.473751592106166
ASCRP3009114	-1.68790771538118	0.0323142513911179	0.473751592106166
ASCRP3009147	-2.94631170020691	0.0156795612272545	0.473751592106166
ASCRP3009163	-1.1465537845754	0.0341011248994237	0.473751592106166
ASCRP3009164	-1.17388595662739	0.0105711151378746	0.473751592106166
ASCRP3009203	1.06921279043112	0.0101212541994878	0.473751592106166
ASCRP3009229	1.10065543200948	0.0483777883350262	0.473751592106166
ASCRP3009246	-1.52028633447511	0.0280856591429686	0.473751592106166
ASCRP3009248	-1.10683557239805	0.0162354582249766	0.473751592106166
ASCRP3009256	-6.38570426366012	0.035029959112203	0.473751592106166
ASCRP3009272	1.08830509991296	0.0135181344012561	0.473751592106166
ASCRP3009290	-2.23856574127045	0.0100696862605662	0.473751592106166
ASCRP3009292	-1.34322248774351	0.0413030314007167	0.473751592106166
ASCRP3009314	1.10501635016113	0.0131383587814556	0.473751592106166
ASCRP3009333	-1.22588050430973	0.0343401877632706	0.473751592106166
ASCRP3009338	-2.28962344714585	0.0262248857425314	0.473751592106166
ASCRP3009345	3.08982877200035	0.00768487436046417	0.473751592106166
ASCRP3009374	-2.45575730964457	0.0353704326035851	0.473751592106166
ASCRP3009390	-1.16848856141053	0.0385543231488639	0.473751592106166
ASCRP3009397	-1.61089495394784	0.0365365351332902	0.473751592106166
ASCRP3009398	-1.18480409328513	0.000700314555204479	0.337562494762402
ASCRP3009405	1.18099195006484	0.0118117098631143	0.473751592106166
ASCRP3009408	-2.68500914444938	0.0192879644006346	0.473751592106166
ASCRP3009441	1.1836809968479	0.0386780052189062	0.473751592106166
ASCRP3009444	-1.36689553325105	0.0147692131734381	0.473751592106166
ASCRP3009446	-1.24305414380106	0.00780362481510344	0.473751592106166
ASCRP3009451	-1.41053665751283	0.0389667649514568	0.473751592106166
ASCRP3009454	1.80230965705121	0.0126212786244229	0.473751592106166
ASCRP3009455	-1.50911980242744	0.0163625346749195	0.473751592106166
ASCRP3009468	-1.23098458688392	0.010482405446445	0.473751592106166
ASCRP3009508	1.32527585105003	0.0475126840386238	0.473751592106166
ASCRP3009530	-1.10725319360341	0.0460679644158952	0.473751592106166
ASCRP3009578	-2.08639540835468	0.0250727619983114	0.473751592106166
ASCRP3009580	1.31028451586363	0.0107491369189174	0.473751592106166
ASCRP3009581	1.17256156363893	0.0126159444630629	0.473751592106166
ASCRP3009583	1.09453769401315	0.033123954836913	0.473751592106166
ASCRP3009584	-1.57445235396297	0.0429247462632325	0.473751592106166
ASCRP3009623	-1.06357555051359	0.0476511766410535	0.473751592106166
ASCRP3009627	-1.20220236643524	0.0205738338627343	0.473751592106166
ASCRP3009633	1.24610089122527	0.0388900828063901	0.473751592106166
ASCRP3009637	-1.61453314623293	0.000768208585059371	0.337562494762402
ASCRP3009647	1.4512567648026	0.0068015424789787	0.473751592106166
ASCRP3009662	-2.02574884125288	0.0154139976747952	0.473751592106166
ASCRP3009665	-1.61313992678826	0.0150214866033303	0.473751592106166
ASCRP3009668	-1.22263343298126	0.0395165136928623	0.473751592106166
ASCRP3009680	1.14399824455917	0.00143008292868642	0.396975341799932
ASCRP3009684	-1.09364114384235	0.0412814337645318	0.473751592106166
ASCRP3009686	1.11041850660577	0.00673285544051177	0.473751592106166
ASCRP3009699	-1.19170352323371	0.0417633430067263	0.473751592106166
ASCRP3009713	1.32957583882054	0.0241831144317018	0.473751592106166
ASCRP3009718	-1.65861508378056	0.0260734242485681	0.473751592106166
ASCRP3009726	1.11142066771619	0.047528328917735	0.473751592106166
ASCRP3009727	-1.20250104578092	0.039838081289464	0.473751592106166
ASCRP3009730	1.26486756516047	0.0469652347748091	0.473751592106166
ASCRP3009795	1.1343644102262	0.00125781044748827	0.371892622307366
ASCRP3009808	1.1266495153113	0.0478264180622436	0.473751592106166
ASCRP3009813	-2.31494549520097	0.0118069789570423	0.473751592106166
ASCRP3009826	3.45810788793019	0.00543730883858713	0.473751592106166
ASCRP3009831	1.33301832565715	0.00973811798798758	0.473751592106166
ASCRP3009849	1.27796504578234	0.0371688606290207	0.473751592106166
ASCRP3009865	-1.28578937827777	0.0455385702284805	0.473751592106166
ASCRP3009870	-1.1984072415803	0.0114942877502805	0.473751592106166
ASCRP3009878	1.223049151567	0.0302882167729167	0.473751592106166
ASCRP3009894	1.17603257905292	0.0473179686731719	0.473751592106166
ASCRP3009901	1.09826998415985	0.0198015989577016	0.473751592106166
ASCRP3009906	1.28545817121601	0.0437904803917104	0.473751592106166
ASCRP3009907	1.2972422671414	0.0120232239550079	0.473751592106166
ASCRP3009918	1.23007997726022	0.0470925989319471	0.473751592106166
ASCRP3009935	1.2877320772515	0.00797802955434736	0.473751592106166
ASCRP3009939	-1.18024007887597	0.0163073443347359	0.473751592106166
ASCRP3009954	-1.47970453095829	0.0407770558849754	0.473751592106166
ASCRP3009966	1.11389447152396	0.00240276588736459	0.434826940775679
ASCRP3009980	1.14548167993675	0.0207372694931466	0.473751592106166
ASCRP3009983	-1.63851587873693	0.0213251327873248	0.473751592106166
ASCRP3009985	1.90478975393549	0.0426190433579569	0.473751592106166
ASCRP3010000	1.55824027331179	0.0145084548752583	0.473751592106166
ASCRP3010005	1.10049098753403	0.0465191599872197	0.473751592106166
ASCRP3010025	-1.15143082154427	0.00834486955073653	0.473751592106166
ASCRP3010028	1.24769702049973	0.017077558981319	0.473751592106166
ASCRP3010029	-1.57769055808875	0.0223023924261628	0.473751592106166
ASCRP3010042	-1.12242395161082	0.0106416227262254	0.473751592106166
ASCRP3010049	-1.31467121081675	0.0136099088893361	0.473751592106166
ASCRP3010050	-1.44299519249623	0.0112173635928894	0.473751592106166
ASCRP3010053	2.57011277369857	0.0239275814213214	0.473751592106166
ASCRP3010058	-2.34220407623916	0.0306625760867189	0.473751592106166
ASCRP3010066	1.30350719845692	0.0271964004536293	0.473751592106166
ASCRP3010081	1.08779055518017	0.0458647791517436	0.473751592106166
ASCRP3010108	-2.40096867592262	0.0118472810161721	0.473751592106166
ASCRP3010116	1.21533195376481	0.00854297548253992	0.473751592106166
ASCRP3010128	-1.17645794967194	0.00890013378320629	0.473751592106166
ASCRP3010131	1.14039764437299	0.0240020374448757	0.473751592106166
ASCRP3010162	1.22557005867259	0.0471724964975694	0.473751592106166
ASCRP3010185	-1.38259659523555	0.0377037169350728	0.473751592106166
ASCRP3010213	1.16581956483642	0.0331749121012746	0.473751592106166
ASCRP3010217	-1.11339667686223	0.049826310071895	0.474106785126628
ASCRP3010228	-1.35313938783986	0.0223579175215332	0.473751592106166
ASCRP3010245	1.543745195825	0.013783241790098	0.473751592106166
ASCRP3010249	1.17690556658999	0.0179939868673424	0.473751592106166
ASCRP3010251	1.08004985230974	0.0438112169116145	0.473751592106166
ASCRP3010266	-2.08502611899128	0.0306108216569192	0.473751592106166
ASCRP3010279	1.204662041146	0.0367079295135471	0.473751592106166
ASCRP3010286	1.16822525031238	0.0376641330271819	0.473751592106166
ASCRP3010293	1.22917812378157	0.0179982263370562	0.473751592106166
ASCRP3010302	-1.18101345791681	0.0189694825326351	0.473751592106166
ASCRP3010305	-2.5071755682777	0.0425670302002406	0.473751592106166
ASCRP3010316	-1.39721720407216	0.0158043193020009	0.473751592106166
ASCRP3010330	1.33183300156591	0.0445838352073367	0.473751592106166
ASCRP3010334	1.29752808674444	0.011013107515122	0.473751592106166
ASCRP3010336	-3.60382801520139	0.00753722748041617	0.473751592106166
ASCRP3010349	1.19807403978377	0.0302321827983771	0.473751592106166
ASCRP3010354	-1.63592594811108	0.0361710646829377	0.473751592106166
ASCRP3010403	1.05250256727566	0.0266818688129332	0.473751592106166
ASCRP3010411	1.13676151986659	0.0316081925793663	0.473751592106166
ASCRP3010413	1.18046461576612	0.0375573272616796	0.473751592106166
ASCRP3010414	-1.38063433350407	0.00213700795997734	0.428183852924818
ASCRP3010417	1.21050678601049	0.0207199681718311	0.473751592106166
ASCRP3010458	-1.35486299534718	0.0120151719769768	0.473751592106166
ASCRP3010491	1.41179970473217	0.0193663664360662	0.473751592106166
ASCRP3010495	1.53842299205619	0.00748378843799953	0.473751592106166
ASCRP3010518	-1.11302348386996	0.00754736165466341	0.473751592106166
ASCRP3010520	1.37425933314987	0.00824920804044229	0.473751592106166
ASCRP3010545	-1.24326324282921	0.0132575150120256	0.473751592106166
ASCRP3010550	1.26486246283978	2.88034960000531e-05	0.281035710472518
ASCRP3010575	1.51874094098943	0.00100076864391812	0.337562494762402
ASCRP3010578	1.2741881051054	0.0377171286635638	0.473751592106166
ASCRP3010611	1.48064297785581	0.0218882987611809	0.473751592106166
ASCRP3010619	-1.83337459410625	0.0101138982463501	0.473751592106166
ASCRP3010622	-1.32197472618284	0.00940512731737308	0.473751592106166
ASCRP3010641	-2.63336517584664	0.0481560197143401	0.473751592106166
ASCRP3010660	-1.78187245837275	0.0408444313751068	0.473751592106166
ASCRP3010667	-1.9533059816286	0.0493689903745905	0.473776628121422
ASCRP3010672	-1.76408168812242	0.0311601093816532	0.473751592106166
ASCRP3010680	1.2530509104017	0.024584940687231	0.473751592106166
ASCRP3010692	1.13396555573037	0.045829577725463	0.473751592106166
ASCRP3010705	1.13727705785535	0.00431928296686228	0.473751592106166
ASCRP3010713	-1.28037080169631	0.0265850615540588	0.473751592106166
ASCRP3010729	-1.27599710980562	0.0372865240263307	0.473751592106166
ASCRP3010741	1.31549852145672	0.00327159813261747	0.473751592106166
ASCRP3010743	-1.62353472830701	0.013828688449247	0.473751592106166
ASCRP3010762	1.23388839312235	0.0191286084838681	0.473751592106166
ASCRP3010765	1.11548345590618	0.0339376777715055	0.473751592106166
ASCRP3010769	-2.05902222626884	0.0442351814616984	0.473751592106166
ASCRP3010773	1.11347786382849	0.0289504060871093	0.473751592106166
ASCRP3010785	-1.84208692874442	0.0442109478318023	0.473751592106166
ASCRP3010787	1.33765762427615	0.0271109389327744	0.473751592106166
ASCRP3010794	1.11157662090334	0.0230902786880827	0.473751592106166
ASCRP3010803	2.13824578485372	0.031606597631383	0.473751592106166
ASCRP3010804	1.2626106704854	0.0277638994446795	0.473751592106166
ASCRP3010812	1.16580316218237	0.0253280616093161	0.473751592106166
ASCRP3010823	-1.21203208686845	0.0230896962347621	0.473751592106166
ASCRP3010851	1.09908780399312	0.00711013117127245	0.473751592106166
ASCRP3010862	1.18908762370348	0.0451509524484722	0.473751592106166
ASCRP3010876	-1.33804329164946	0.0172726549447833	0.473751592106166
ASCRP3010913	-1.17688412974143	0.0382430651517668	0.473751592106166
ASCRP3010922	1.18994307038503	0.0287495385332424	0.473751592106166
ASCRP3010931	1.18596268845317	0.0169185204761891	0.473751592106166
ASCRP3010947	-1.32542293407301	0.0168040208149493	0.473751592106166
ASCRP3010951	-1.14909842815995	0.0199279112645245	0.473751592106166
ASCRP3010955	1.26829438882749	0.0197547216185832	0.473751592106166
ASCRP3010965	1.17698009459381	0.0499258161124971	0.474106785126628
ASCRP3010981	-1.2695610236894	0.0227206905963216	0.473751592106166
ASCRP3010995	1.06106146238968	0.0189004891242307	0.473751592106166
ASCRP3011015	-1.41951429181181	0.00549581866733762	0.473751592106166
ASCRP3011041	-1.07766926112902	0.0138121943094488	0.473751592106166
ASCRP3011055	-1.19850142610995	0.0212610469263453	0.473751592106166
ASCRP3011059	-1.17295926520803	0.0155693334156588	0.473751592106166
ASCRP3011060	-1.39068495542594	0.0248225447756621	0.473751592106166
ASCRP3011085	-3.13580551310794	0.00715066044042841	0.473751592106166
ASCRP3011105	-1.13621326608649	0.0382004758495632	0.473751592106166
ASCRP3011140	1.28785633980736	0.0284637240815132	0.473751592106166
ASCRP3011144	-1.21320899731982	0.046664217234155	0.473751592106166
ASCRP3011152	1.28666433914507	0.039593274697672	0.473751592106166
ASCRP3011166	-1.50424145352792	0.0329107867005895	0.473751592106166
ASCRP3011188	1.21673545198763	0.0265219000062999	0.473751592106166
ASCRP3011206	-1.09369040635085	0.0116026197731661	0.473751592106166
ASCRP3011219	1.04967573608972	0.0486200081530985	0.473751592106166
ASCRP3011227	1.4835436919253	0.0369617681057451	0.473751592106166
ASCRP3011236	-2.66702153983765	0.0466168853516425	0.473751592106166
ASCRP3011262	-1.19866564959472	0.00446211678272272	0.473751592106166
ASCRP3011280	1.18940596133091	0.0303748692805744	0.473751592106166
ASCRP3011288	1.23495333391463	0.0241543677913375	0.473751592106166
ASCRP3011289	-1.19143455081169	0.0134241838542566	0.473751592106166
ASCRP3011311	1.25735218355317	0.0493652291287751	0.473776628121422
ASCRP3011337	1.33311596012471	0.0197574467360145	0.473751592106166
ASCRP3011340	-1.10965676649671	0.0405823986510127	0.473751592106166
ASCRP3011351	-1.33372954926884	0.0280205763946648	0.473751592106166
ASCRP3011354	-1.20940215963647	0.0210797963345166	0.473751592106166
ASCRP3011360	-1.66804733604381	0.00558914302130737	0.473751592106166
ASCRP3011379	1.2824749225008	0.0165098527739499	0.473751592106166
ASCRP3011388	1.23763603871111	0.032124038713261	0.473751592106166
ASCRP3011429	-1.12401664640298	0.00568144849376289	0.473751592106166
ASCRP3011484	1.26007576318571	0.0442165915471224	0.473751592106166
ASCRP3011488	1.2040052737247	0.000136894856367606	0.337562494762402
ASCRP3011493	-1.19911282121627	0.036424996094579	0.473751592106166
ASCRP3011495	1.17045910288857	0.0420555270242736	0.473751592106166
ASCRP3011516	1.17796442049149	0.0047606661369587	0.473751592106166
ASCRP3011562	1.15692651307037	0.0297168409724167	0.473751592106166
ASCRP3011583	1.4320289647004	0.0220401064853351	0.473751592106166
ASCRP3011585	1.20954017384615	0.0283544969696841	0.473751592106166
ASCRP3011609	-1.22699981033969	0.00233360082506586	0.434826940775679
ASCRP3011637	1.2361842407256	0.0165937927767044	0.473751592106166
ASCRP3011674	1.08553667192577	0.0454448081695624	0.473751592106166
ASCRP3011698	-1.20093303463306	0.0401340268546575	0.473751592106166
ASCRP3011703	1.23432597816086	0.0434589603223366	0.473751592106166
ASCRP3011704	-1.25376753793482	0.0243792510122143	0.473751592106166
ASCRP3011706	1.19762255285497	0.0179765288128794	0.473751592106166
ASCRP3011708	-1.97281270969164	0.00793712275400361	0.473751592106166
ASCRP3011715	1.28745934229648	0.00240654451182604	0.434826940775679
ASCRP3011716	-1.64899515356413	0.00668654808413447	0.473751592106166
ASCRP3011748	-1.97146892680132	0.0129500758492147	0.473751592106166
ASCRP3011766	-1.41818532260808	0.0457998958465106	0.473751592106166
ASCRP3011787	1.43340822174753	0.0110892900498055	0.473751592106166
ASCRP3011801	-1.49171958179644	0.0461187939947422	0.473751592106166
ASCRP3011812	-1.04068156071325	0.0139813447496911	0.473751592106166
ASCRP3011886	-1.58583239228227	0.0113310590092966	0.473751592106166
ASCRP3011909	-1.00994968895002	0.0268119349202888	0.473751592106166
ASCRP3011914	-1.64382455795397	0.02109836949925	0.473751592106166
ASCRP3011915	-1.45310385124735	0.0336555383410404	0.473751592106166
ASCRP3011933	-1.20634027242971	0.0456497423382774	0.473751592106166
ASCRP3011952	1.11915809319433	0.0160318626311092	0.473751592106166
ASCRP3011964	-1.24365408626049	0.024873413715466	0.473751592106166
ASCRP3011978	-1.10309501548254	0.0309941964058998	0.473751592106166
ASCRP3011983	-1.16626694780835	0.00987735088828648	0.473751592106166
ASCRP3011988	-1.21652047681812	0.0201457210365349	0.473751592106166
ASCRP3011996	-1.47092127634056	0.0461548902856688	0.473751592106166
ASCRP3012019	1.25982667997925	0.0188062256330917	0.473751592106166
ASCRP3012029	-1.1360970387554	0.0399299839129656	0.473751592106166
ASCRP3012054	-1.3651077745507	0.0235929879582159	0.473751592106166
ASCRP3012066	1.22161413634011	0.0422553628494321	0.473751592106166
ASCRP3012083	1.10719069486567	0.0309415639405441	0.473751592106166
ASCRP3012086	-1.76986083544562	0.0216759910629008	0.473751592106166
ASCRP3012097	1.46715629734576	0.0253568134003487	0.473751592106166
ASCRP3012118	-1.0846803278537	0.034208007298653	0.473751592106166
ASCRP3012182	1.21327711812001	0.0195072500814016	0.473751592106166
ASCRP3012185	-1.34949781103164	0.0365405533945134	0.473751592106166
ASCRP3012231	1.13795963355417	0.0312892209408324	0.473751592106166
ASCRP3012248	-1.51748485431997	0.000386152366247789	0.337562494762402
ASCRP3012260	1.29652874006274	0.0471267421122401	0.473751592106166
ASCRP3012262	1.44371963827145	0.0454889223431117	0.473751592106166
ASCRP3012284	1.07962377550165	0.0252557579543576	0.473751592106166
ASCRP3012288	-1.17859764832046	0.00197633830067632	0.42138840059805
ASCRP3012298	-2.06517945604374	0.0259373771471268	0.473751592106166
ASCRP3012314	1.14490971542749	0.048589834165191	0.473751592106166
ASCRP3012328	-1.34036984194324	0.0369259191938239	0.473751592106166
ASCRP3012342	1.27483102804436	0.0479859101914816	0.473751592106166
ASCRP3012345	1.51870058865651	0.0345165209609755	0.473751592106166
ASCRP3012347	-1.42415163019101	0.0474417970363102	0.473751592106166
ASCRP3012349	-1.22678588247808	0.00909943105447103	0.473751592106166
ASCRP3012365	-1.46392562827342	0.018725681866257	0.473751592106166
ASCRP3012392	-1.87493703174409	0.0259203986708633	0.473751592106166
ASCRP3012404	1.03075649193209	0.0235737382375922	0.473751592106166
ASCRP3012450	-1.19173334699801	0.00967424321437548	0.473751592106166
ASCRP3012453	-1.12214482127452	0.0473600148772779	0.473751592106166
ASCRP3012480	-2.01070882446998	0.0361157681226939	0.473751592106166
ASCRP3012483	1.11103760494138	0.0363129290520172	0.473751592106166
ASCRP3012485	-1.49141934869221	0.0295338839274726	0.473751592106166
ASCRP3012507	1.11978099537364	0.0337619917332009	0.473751592106166
ASCRP3012510	-1.31243971965834	0.0161282933714702	0.473751592106166
ASCRP3012512	1.15652934386569	0.0178507498122126	0.473751592106166
ASCRP3012531	-1.68342990011801	0.021155323787158	0.473751592106166
ASCRP3012576	-1.03720400448159	0.0395366162675365	0.473751592106166
ASCRP3012589	1.45376778230059	0.00450308118745427	0.473751592106166
ASCRP3012610	-1.25485571584655	0.0451155061737241	0.473751592106166
ASCRP3012653	1.14763676770303	0.0162567538646242	0.473751592106166
ASCRP3012659	-2.03800040706879	0.0405919302746513	0.473751592106166
ASCRP3012661	-1.82404500480165	0.00893141991631716	0.473751592106166
ASCRP3012663	-1.21771121752423	0.0191403058798034	0.473751592106166
ASCRP3012665	-1.31474880695041	0.00780079445659858	0.473751592106166
ASCRP3012684	1.32872475839474	0.0255202696338657	0.473751592106166
ASCRP3012763	3.52054600687535	0.0254445343266695	0.473751592106166
ASCRP3012788	1.14019437743394	0.0010204812483009	0.337562494762402
ASCRP3012826	1.4094284467629	0.0427375364610416	0.473751592106166
ASCRP3012840	1.10656450475077	0.0182519384195569	0.473751592106166
ASCRP3012851	1.31357688588553	0.0164518190402516	0.473751592106166
ASCRP3012858	1.22902040715071	0.0172164567299514	0.473751592106166
ASCRP3012868	-1.14196927754922	0.0367525317818552	0.473751592106166
ASCRP3012882	-1.11199169329124	0.0486089499208085	0.473751592106166
ASCRP3012906	-1.91363443915072	0.0199985525291263	0.473751592106166
ASCRP3012909	1.12332411976419	0.0421050844850397	0.473751592106166
ASCRP3012911	-1.2204194333771	0.0186691850628076	0.473751592106166
ASCRP3012915	-1.25014338523737	0.0112329874265289	0.473751592106166
ASCRP3012918	1.34297690859431	0.0166534511579169	0.473751592106166
ASCRP3012930	1.45274341678792	0.0242706072868873	0.473751592106166
ASCRP3012947	-1.28731441209623	0.026421902661359	0.473751592106166
ASCRP3012948	1.18875038143148	0.00520092170127639	0.473751592106166
ASCRP3012970	-1.18770846123682	0.00743857852667323	0.473751592106166
ASCRP3012973	-1.42694916752248	0.0289672874402927	0.473751592106166
ASCRP3012979	1.21108300896756	0.0101884286007112	0.473751592106166
ASCRP3012991	1.22327526510164	0.0482100384073137	0.473751592106166
ASCRP3012994	1.14313130664658	0.0139940254576447	0.473751592106166
ASCRP3012996	-1.3848774677081	0.0297154408026154	0.473751592106166
ASCRP3013000	1.08164318649191	0.0487871574220012	0.473751592106166
ASCRP3013010	1.26800411406076	0.0210441890604041	0.473751592106166
ASCRP3013012	2.12234507241289	0.0332945631127068	0.473751592106166
ASCRP3013033	1.55230098447218	0.0271413039600144	0.473751592106166
ASCRP3013046	1.3400699367929	0.0256608405077846	0.473751592106166
ASCRP3013076	1.1295471464533	0.0116616700325435	0.473751592106166
ASCRP3013086	-1.13130586709657	0.0144388758925386	0.473751592106166
ASCRP3013090	1.16497279087853	0.00877153591889102	0.473751592106166
ASCRP3013118	-4.04933949764131	0.0298746916529805	0.473751592106166
ASCRP3013119	-1.30351827960317	0.0352974836448148	0.473751592106166
ASCRP3013144	1.14328533825948	0.00985043824529375	0.473751592106166
ASCRP3013158	1.30986416523043	0.000902981316985426	0.337562494762402
ASCRP3013170	1.20375112245691	0.0340615211149396	0.473751592106166
ASCRP3013225	-1.15261180105905	0.00292058793739746	0.467150434511262
ASCRP3013229	-1.61915175323602	0.0227183090631427	0.473751592106166
ASCRP3013263	1.21188719641481	0.0410253848875673	0.473751592106166
ASCRP3013266	-1.07843640065822	0.000258981028479198	0.337562494762402
ASCRP3013321	-1.63980127033374	0.000960412108569466	0.337562494762402
ASCRP3013325	1.24859728195083	0.0098221054214008	0.473751592106166
ASCRP3013371	-1.67095543495977	0.0107141949195988	0.473751592106166
ASCRP3013374	1.14508320649256	0.0198176945986537	0.473751592106166
ASCRP3013383	1.14097040986891	0.0362069392953018	0.473751592106166
ASCRP3013396	-3.36161476237718	0.0228262982452825	0.473751592106166
ASCRP3013409	2.45242620807549	0.0331117323856425	0.473751592106166
ASCRP3013411	1.20680742086266	0.0222783584731217	0.473751592106166
ASCRP3013435	-1.14954752019481	0.00367648097520319	0.473751592106166
ASCRP3013449	-1.20894812526141	0.0101305606599577	0.473751592106166
ASCRP3013462	-5.77575354696389	0.0370283437925986	0.473751592106166
ASCRP3013469	-1.27940998787468	0.0109265269211	0.473751592106166
ASCRP3013489	1.75033258725848	0.0360752044442648	0.473751592106166
ASCRP3013524	-1.17043454724569	0.0404552635621538	0.473751592106166
ASCRP3013541	-1.1731606773779	0.0393212022567638	0.473751592106166
ASCRP3013576	1.13131857032236	0.0400949310249631	0.473751592106166
ASCRP3013582	1.27457800152478	0.024448178168287	0.473751592106166
ASCRP3013584	1.09841896627746	0.046103076605894	0.473751592106166
ASCRP3013595	-1.8387592762496	0.00755744663952519	0.473751592106166
ASCRP3013617	1.24854161929235	0.0147925165488301	0.473751592106166
