SystematicName	logFC	AveExpr	t	P.Value	adj.P.Val	B
10254	hsa-miR-923	0.68573851975475	15.1677435276686	2.70251148435415	0.00773537131481069	0.0272265645859515	-3.59464918198858
8304	hsa-miR-145	-2.97399396024433	14.9307853718346	-13.4877225182338	4.5059415691244e-27	1.29004148413059e-24	50.9632923711049
11534	hsa-miR-125b	-1.63566257972535	14.5407068724218	-10.2155161167313	1.21503446041284e-18	9.45058017301458e-17	31.7794365560269
8227	hsa-let-7a	-0.725290177258747	14.210960611249	-3.35664206320133	0.00101648678181766	0.00478581040452709	-1.73486216216403
11745	hsa-miR-29c	-0.561030865230938	13.9613892147383	-5.95956701244932	1.95904071561191e-08	3.44136447379554e-07	8.67205320834449
8883	hsa-miR-29a	-0.484754032206462	13.7974199729368	-5.6184571552544	1.00682884069615e-07	1.45207812223017e-06	7.08001187030834
5015	hsa-let-7f	-0.876878520627168	13.7565808333675	-3.86937609066138	0.000166790416610468	0.00100823533059769	-0.0402599452561079
9607	hsa-miR-26a	-0.632534576088544	13.6643287429662	-6.64632099062111	6.22696350582435e-10	1.56324665922337e-08	12.0389483130807
2867	hsa-miR-23b	-1.70580038950588	13.3924669074608	-10.4677589674266	2.73599032797578e-19	2.2725608551384e-17	33.251944348991
8945	hsa-miR-29b	-0.749965359350394	13.2088225273457	-4.96034577865302	2.01218405647398e-06	2.07161045630558e-05	4.18131867892441
13043	hsa-let-7c	-0.412315176226507	13.1804520865214	-3.68783905154969	0.000322973349749926	0.00179666818225369	-0.662934428894258
1606	hsa-miR-23a	-0.535950499503139	13.0700914301541	-3.73558507845539	0.000272040134493838	0.0015440721592097	-0.501528538503687
5471	hsa-miR-143	-3.96228216402755	12.7958915710459	-17.6218481767136	2.55155390648298e-37	7.247275903993e-34	74.2480806412358
2522	hsa-miR-27b	-1.51493777028798	12.711164877605	-11.3734541290341	1.26362637759824e-21	1.37123843040015e-19	38.5654135880059
8237	hsa-miR-24	-0.738099289780632	12.6849131511552	-6.73951025563342	3.84443583436987e-10	1.03254947280002e-08	12.5108760126536
748	hsa-miR-99a	-2.00347236363654	12.6651085991201	-9.19607340223599	4.7444866637284e-16	3.09911711393832e-14	25.8895223223386
6235	hsa-miR-148a	-1.16916185288239	12.498293928623	-5.46845859182753	2.03205217344504e-07	2.72343566193989e-06	6.39853379817202
11828	hsa-miR-375	-1.02979478050436	12.2899852981959	-3.07390214085619	0.00254136484022473	0.0104385242033162	-2.58182812182796
4165	hsa-miR-16	-0.4466555727691	12.2849751288342	-2.66579837193778	0.00858598409172404	0.0297535415756473	-3.68844097252964
5864	hsa-miR-26b	-1.49990016304295	12.24737975977	-6.45226749303852	1.68216746067e-09	3.82352117411748e-08	11.0672459243515
7779	hsa-let-7g	-0.740366185681291	12.1741162402001	-3.77536867595715	0.000235510035450413	0.00137353173813532	-0.365744823501136
1173	hsa-miR-27a	-0.535926298585707	12.0776695493505	-3.73141473585305	0.00027616602156206	0.00156269553664385	-0.515694152542835
8461	hsa-miR-199b-3p	-1.8537410642696	11.9507426593015	-7.74564506088708	1.75412035532801e-12	7.61401403267539e-11	17.7986508526596
8802	hsa-miR-195	-1.11472578547503	11.6434023301717	-5.23200226980763	6.00746039839724e-07	7.08469650489336e-06	5.3486861065201
6926	hsa-miR-100	-1.91725555752239	11.6119225428996	-11.3367808589962	1.5717311013552e-21	1.69193709598685e-19	38.3497828506763
5801	hsa-miR-30d	0.992029898133392	11.4162957325817	5.74789801669089	5.44457233962746e-08	8.51885644209617e-07	7.67737994977011
7358	hsa-miR-199a-5p	-0.867568678455273	11.3960175016245	-5.26191793154987	5.2459868744618e-07	6.33662472017576e-06	5.47981240070789
8735	hsa-miR-15a	-0.471874603343924	11.3365942324113	-3.22608289700949	0.00156324673902637	0.00693310748857575	-2.1339293768338
13194	hsa-miR-130a	-1.79441984897839	11.2110362755882	-12.1442884368359	1.28715676250732e-23	1.96817970412484e-21	43.0987197173667
5806	hsa-miR-30c	-0.89187700902559	11.1081016947734	-6.944182456423	1.3185262943844e-10	4.01404746996299e-09	13.5588663510797
12969	hsa-miR-101	-0.849686728957884	11.0977020269903	-7.41738397754552	1.05316868140973e-11	4.15584685543967e-10	16.0377819730276
6098	hsa-miR-92a	0.598107371875857	11.0841199674304	3.6885071890185	0.000322202129895452	0.00179377404214862	-0.660687533843001
7927	hsa-miR-205	-4.9745543376837	11.0305133794747	-8.61741562010923	1.32102885748313e-14	7.94502662873059e-13	22.6100886814747
7924	hsa-miR-30e	-0.408114379497423	11.0303298801907	-4.80818415928216	3.89015186972927e-06	3.71774741186627e-05	3.54643769174289
11308	hsa-miR-1225-5p	1.2460636960004	10.9783596610893	4.54321251953355	1.18746872311107e-05	9.84508880972429e-05	2.47499004239728
8092	hsa-miR-106b	0.557501231302995	10.9432193543444	4.4823269956421	1.52551541068008e-05	0.000121391693471976	2.23511248120639
7928	hsa-miR-638	1.08871420263257	10.9019129960975	4.04931377158388	8.47588927379195e-05	0.000552307825995857	0.600592200995274
11899	hsa-miR-142-3p	-0.699931389789	10.8832249202317	-2.52965177737095	0.012527492231729	0.0408555345298462	-4.02610440843113
5309	hsa-miR-365	-0.711510485020625	10.7586452203282	-5.219581424443	6.35434323157461e-07	7.45458086521953e-06	5.29439018260622
7423	hsa-miR-363	-1.80605633671484	10.7195964999671	-6.42174262295175	1.96419097050432e-09	4.37126790850682e-08	10.9157924909941
10889	hsa-miR-15b	0.71492961948311	10.6030893166708	4.7429477132901	5.13985442129451e-06	4.72740130505392e-05	3.27856425224972
6861	hsa-miR-451	1.67814553025073	10.570275854392	5.36186578932525	3.32424895402413e-07	4.20010271599519e-06	5.92149682792718
7497	hsa-miR-1	-4.56506495534805	10.5656313364936	-17.3332742061145	1.24855947588927e-36	2.10007703844576e-33	72.6837617358709
9369	hsa-miR-494	1.50152559623541	10.533124517457	4.55871172179697	1.11370825350754e-05	9.33710794965578e-05	2.53643728031622
10679	hsa-miR-133b	-3.66144382802097	10.5050740892646	-15.5008342751859	3.73100661075999e-32	2.51022124771932e-29	62.5207212208211
9446	hsa-let-7d	-0.67080087095907	10.4494854408981	-3.07557902902158	0.00252802929737914	0.0103900923107922	-2.57699520909401
6501	hsa-miR-20b	-0.632229233827024	10.3769633946657	-3.22194793087072	0.00158438091978974	0.00702040389847867	-2.14634644432475
3872	hsa-let-7e	-1.19552399332068	10.3668930063485	-4.85609040443819	3.16551563996971e-06	3.12510480201265e-05	3.74481266958573
5056	hsa-miR-197	0.732686615097737	10.3298414203632	2.56215315021644	0.0114620679922986	0.0379045433532488	-3.94695715381749
6936	hsa-miR-940	0.851036439458063	10.2548492326531	3.56848921764528	0.000492576312742243	0.00257730884268262	-1.05890145174777
6574	hsa-miR-25	0.653200623973122	10.2401766385167	5.34484622780935	3.59410899995195e-07	4.48630154947621e-06	5.84589742070135
6495	hsa-miR-151-5p	-0.412433750628661	10.1864113016746	-2.9797249254775	0.00340353209963213	0.0134383591351672	-2.84954736298841
4008	hsa-miR-199b-5p	-2.08829695581981	10.1723245497625	-8.60425065023154	1.42394108939699e-14	8.47812004377255e-13	22.5361781025908
7226	hsa-miR-221	-2.12449208970675	10.1572576084864	-10.3807989425355	4.57649023296387e-19	3.66555074849773e-17	32.7438048993897
5239	hsa-miR-93	0.819155630119823	10.0785763133963	6.04014773163228	1.32050165420022e-08	2.40117165661057e-07	9.05633138478906
7348	hsa-miR-214	-1.02629782037826	9.94226837448708	-6.13503284462173	8.26885469875276e-09	1.59864524175887e-07	9.51266577402678
4153	hsa-miR-193a-3p	-0.581339183964374	9.92866093401211	-4.15634716901754	5.60945203751369e-05	0.000384713489382182	0.992681935517194
11750	hsa-miR-223	-0.937370375271625	9.92212434971662	-3.53360250153397	0.000556208448923962	0.0028686626633656	-1.17260155130845
10613	kshv-miR-K12-3	1.34877518954486	9.89655083831	5.67263397419299	7.79166730136995e-08	1.1610706003016e-06	7.32900709130938
9881	hsa-miR-222	-1.52958993413667	9.80523293492831	-5.90972022829226	2.49679499605346e-08	4.29536922871314e-07	8.43586967697211
8294	hsa-miR-886-3p	-1.16143775600468	9.6134938524568	-4.7720483752356	4.54061144089469e-06	4.26938592497081e-05	3.39773278302741
13723	hsa-miR-324-3p	0.446652721846663	9.59930721902107	2.86654885627285	0.00479245836851195	0.0180738003942536	-3.16155400097876
9808	hsa-miR-10b	-0.804546618268075	9.57666800531874	-3.1385016342859	0.00207199795169226	0.00880910092826888	-2.39399033455804
6938	hsa-miR-150	-0.877933874399185	9.44604330824042	-2.80786583466086	0.0057011919895396	0.0209870013996751	-3.31910877644706
4450	hsa-miR-28-5p	-1.11792558847494	9.39930464905852	-6.9413952543455	1.3380123793218e-10	4.04590889351779e-09	13.5444919317877
1742	hsa-miR-125a-5p	-0.70375169513183	9.27759831239534	-3.62268791690717	0.000407160300536454	0.00218900619187427	-0.880421409015083
7645	hsa-miR-145*	-2.59799961664959	9.19547241534005	-15.4068912202817	6.38973431520049e-32	3.58251103938907e-29	61.9896695172174
7716	hsa-miR-181a	0.913694050911964	9.18575215884713	5.25760140221994	5.34974715649985e-07	6.45616123209524e-06	5.46086136798054
9669	hsa-miR-148b	0.285949308908895	9.15942310049818	2.4509814557159	0.0154817338257767	0.0487807295433894	-4.21385956452867
11546	hsa-miR-374a	-1.30725067193118	9.11195636734252	-5.88766560766188	2.77865651175507e-08	4.71495611881163e-07	8.3317484099722
12537	hsa-miR-196b	-0.922003222692275	9.00038123389946	-4.91221162191436	2.48227113923067e-06	2.50949965811329e-05	3.97897546694349
8173	hsa-miR-374b	-1.18842902103246	8.8497958264386	-6.48327440707282	1.4365776404154e-09	3.33286012576373e-08	11.2214857206679
5739	hsa-miR-424	-0.683714862857975	8.64757718958698	-2.8914119236169	0.00444904744253506	0.0169978371342282	-3.09392737969855
3445	hsa-miR-801	1.18092876066156	8.63741626038265	4.06717674563957	7.9157652836783e-05	0.000521363375708151	0.665470384513505
11305	hsa-miR-575	1.64339751558765	8.5661231376395	6.67509357767762	5.36732139667396e-10	1.37567003264085e-08	12.1842993574188
13125	hsa-miR-188-5p	1.04450030530522	8.56019817427944	4.22729238387743	4.24938347635582e-05	0.000298432693412546	1.2569565921262
8162	hsa-miR-483-5p	1.03618852924565	8.53682997800292	3.7669309604426	0.000242845794790104	0.00141154773852944	-0.394641175361868
11184	hsa-miR-151-3p	0.493556156821882	8.50487246741946	3.79450195123776	0.00021964648973425	0.00128951272507158	-0.300025023171933
7440	hsa-miR-660	-0.600619066101727	8.43877054537631	-3.3716499122405	0.000966653723259914	0.00458326021852903	-1.68812491802841
10878	hsa-miR-939	1.34435369344171	8.43291214912936	7.57365800340349	4.50329978421643e-12	1.84745127732976e-10	16.872149328511
13498	hsv1-miR-LAT	1.75507229629571	8.42862480438523	8.22094065889733	1.24616485519217e-13	6.35166450434311e-12	20.3999396180286
3797	hsa-miR-425	0.570489543070835	8.35205991054639	3.88883777035516	0.000155176804760211	0.000946107424038696	0.0279294764102094
4378	hsa-miR-320	0.418076748333574	8.34837691603007	2.49064501205658	0.013922593578112	0.0446581898283415	-4.11987617710591
11103	hsa-miR-630	0.993765718983184	8.34538095468763	3.29545497901747	0.00124558907025133	0.00573601866163653	-1.92357181993556
11552	hsa-miR-376a	-1.05299038656526	8.32992105696229	-6.79879800713592	2.82403369066309e-10	7.78692568474642e-09	12.8128486692076
3223	hsa-miR-338-3p	-0.573581545081937	8.32244284636455	-2.45310835686267	0.0153943418906492	0.0486027806627611	-4.20885491874424
13049	hsa-miR-134	0.833717325562427	8.32187679469622	3.0836185121604	0.00246498883827712	0.0101807519361132	-2.55379291105955
8590	hsa-miR-152	-0.851509071038307	8.28549905996179	-6.06625490073965	1.16137525457885e-08	2.13782016766252e-07	9.18147912382338
12325	hsa-miR-98	-0.716005541128045	8.26985192724375	-3.12051353489403	0.002193900984086	0.00924557834070193	-2.44663604250032
8009	hsa-miR-143*	-1.97442522424207	8.25286622497865	-10.6942331626083	7.15143171948975e-20	6.33089902746408e-18	34.5774329446978
5381	hsa-miR-423-5p	0.426969866718425	8.24286506028235	3.64002875461751	0.000382925987867898	0.00208187963343452	-0.822846670164547
6706	hsa-miR-146b-5p	-0.900312924369825	8.22412591981065	-3.20790731077576	0.0016581442163783	0.00727960475549312	-2.18840726719499
7433	hsa-miR-572	0.977185511498469	8.2095809626795	4.36054209294943	2.50074832514631e-05	0.000186633774060836	1.76259562580945
9730	hsa-miR-376c	-1.01934264548046	8.19755365503493	-6.69419156187576	4.86250002303605e-10	1.26801938585219e-08	12.2809547123589
8867	hsa-miR-135a	-1.68474510361317	8.18914034597718	-6.45294138494272	1.67641424102469e-09	3.816891713575e-08	11.070593894717
5375	hsa-miR-455-3p	-0.934008372652213	8.17989399077894	-4.23072391435994	4.19234920344149e-05	0.000294888922537944	1.2698269170025
7568	hsa-miR-663	1.35784391411399	8.15249474453612	5.76139732692728	5.10411712413858e-08	8.08011764969515e-07	7.74016314359189
5664	hsa-miR-136	-0.794593033728924	8.04756783855819	-4.96925775114048	1.93519081228557e-06	2.00307135154728e-05	4.2189336256059
7087	hsa-miR-1224-5p	0.770531952031433	7.9965388142547	4.02970990504934	9.13412117837282e-05	0.000588925417231359	0.529650424760335
1867	hsa-miR-30a*	-0.347968929735542	7.95813106521229	-2.50686129903755	0.0133265878718091	0.0430725330170416	-4.08105405231412
5103	hsa-miR-210	1.50274121394374	7.93617124820019	6.95017806934479	1.27755432024516e-10	3.91589315107491e-09	13.5897969237613
11116	hsa-miR-30e*	-0.629574509636794	7.91028582741715	-4.54377616669474	1.18470564241862e-05	9.8342992747594e-05	2.47722193045714
11543	ebv-miR-BART13	0.791657870493716	7.90417933968236	3.86708712667069	0.000168209429326625	0.00101590039543046	-0.0482618737107439
398	hsa-miR-150*	1.1820722638781	7.8995635881175	5.71521682664508	6.36356729911444e-08	9.70840834205033e-07	7.52576044692261
1389	hsa-miR-1234	0.846842848469286	7.85885516917437	4.48015646511848	1.53913589666544e-05	0.000122114461235437	2.22660552824046
10185	hsa-miR-185	0.585732348101572	7.83690563407173	5.12558716697864	9.69186822477327e-07	1.08950525340475e-05	4.88633427198402
976	hsa-miR-765	0.697595677960574	7.82938890505238	3.26434085783892	0.00137978053380581	0.0062386851017779	-2.01839405095691
6155	hsa-miR-218	-1.18152328581202	7.78408590501833	-6.41953454466558	1.98630914970312e-09	4.41052407894475e-08	10.9048518383649
5530	hsa-miR-377	-1.05939152136603	7.7784000523027	-7.0695405983862	6.79759647362632e-11	2.2867114537279e-09	14.2082191435507
7574	hsa-miR-133a	-2.08646592513259	7.76485670060903	-12.3798016690493	3.17440450363977e-24	6.10211242871097e-22	44.4823903787621
10537	hsa-miR-590-5p	-0.485356120126192	7.7476792317722	-2.93898183413176	0.00385406498824581	0.014978354105896	-2.963098341464
8592	hsa-miR-582-5p	-1.00934585219016	7.6654000028524	-4.38102947207976	2.30270594088436e-05	0.000173976480295003	1.84139797417832
8177	hsa-miR-204	-1.3542035429628	7.65744984535539	-5.46558778562022	2.05932350211107e-07	2.75723950690612e-06	6.38560628174983
11303	hsa-miR-135a*	1.10665717905741	7.65124509894785	4.15851393091101	5.56234744413118e-05	0.000382067111833737	1.00070181499607
10105	hsa-miR-125b-2*	-0.545772369216	7.63815615911176	-3.75898010541061	0.000249956116798606	0.00144725021843461	-0.42182200058472
8656	hsa-miR-181b	0.604817182367799	7.62185109451908	5.94031928718788	2.15167367447948e-08	3.750378363186e-07	8.58071416354391
5946	hsa-miR-130b	0.753349233053985	7.5522118139747	4.8295126830567	3.54960926527048e-06	3.43622606284025e-05	3.63458410571884
9744	hsa-miR-127-3p	-0.368255272824738	7.54577909599923	-2.54738077609588	0.0119358132714371	0.0392205869060945	-3.98304487245242
7635	hsa-miR-132	-0.536615573361034	7.46245365512431	-3.50706072581435	0.000609720377488201	0.00310419878905836	-1.25847958165517
13286	hsa-miR-125a-3p	1.78499877310772	7.4287737298936	7.63656427563007	3.19275385291903e-12	1.35525854400248e-10	17.2100517095065
676	hsa-miR-362-3p	-0.502523661214199	7.40659990960525	-3.12475094728891	0.00216460062679768	0.00914244418899335	-2.43425808055335
10571	hsa-miR-557	0.485402227868543	7.40566182636263	3.05031327688565	0.0027359786173849	0.0111426538364198	-2.64956898175217
13103	hsa-miR-874	0.579799341561616	7.37938572849018	2.63944071087698	0.00924784962794964	0.0316477783808978	-3.7550632139118
187	hsa-miR-744*	0.613907556052323	7.36342553557612	2.44932440026267	0.0155501258931677	0.0489341660473492	-4.21775589396853
12528	hsa-miR-202	0.68239590138035	7.34548070245743	3.99403623207901	0.00010459049578074	0.000666368234481833	0.401254903304832
12944	hsa-miR-671-5p	1.44163247314954	7.23729270517311	6.92348690549015	1.47017758028733e-10	4.40594866822857e-09	13.4521999188343
9182	hsa-miR-31	-1.08786817863798	7.21931878571248	-5.11097485815174	1.03448453210974e-06	1.15327455377537e-05	4.82335046246084
2865	hsa-miR-203	-0.669152614285119	7.21637556610624	-3.6461180771424	0.000374744084048497	0.00204234766907921	-0.802575151402146
13388	hsa-miR-1226*	0.451736862524841	7.21297129231679	3.03895983946165	0.00283447254049584	0.0114916126860235	-2.68201035419886
7320	hsa-miR-484	0.493796490864228	7.19520167347762	4.05981070845708	8.14231597891851e-05	0.000533672692704956	0.638689742965407
11192	hsa-miR-623	0.639939488762725	7.19387594282904	4.43907678828106	1.82013026453989e-05	0.000141652243144296	2.0661839664652
6849	hsa-miR-24-1*	-1.04482684921748	7.15427592910671	-7.35801326013718	1.45166679630022e-11	5.61311161236084e-10	15.722746575937
10817	hsa-miR-139-5p	-0.40338566223355	7.15393996843801	-3.08382183278155	0.00246341354285527	0.0101773695525516	-2.55320543420537
11531	hsa-miR-371-5p	1.16227690576133	7.1067626347019	6.73247557331058	3.98741313109444e-10	1.06669246703791e-08	12.4751344453175
5179	hsa-miR-144	1.6715602646105	7.07415452625563	6.94592936475136	1.30645635707292e-10	3.99538107744846e-09	13.5678770901981
12112	hsv1-miR-H1	0.735761646421356	7.07017748782954	3.73307800031924	0.000274513431529935	0.00155661725017564	-0.510046008361245
6618	hiv1-miR-H1	0.640746791034128	7.06274656567007	3.21524177004809	0.00161922276569105	0.00714603526898613	-2.16645551186586
1408	hsa-miR-195*	0.648024561502353	7.03359543138364	2.64597144575076	0.0090797018999681	0.0312152449580917	-3.73861172772757
12548	hsa-miR-513a-5p	0.715385604958275	7.0058136170797	3.46833090563557	0.000696552795312971	0.00347398606884038	-1.38281929448161
3428	hsa-miR-652	0.273409479970604	6.98535134094768	2.61036298207105	0.0100311164815187	0.0338547036306285	-3.82786578130532
11549	hsa-miR-22*	-0.409066158927746	6.98406143665589	-3.18123216763283	0.00180715556172792	0.00782311811179373	-2.26788021553061
93	hsa-miR-149	0.667442991289596	6.96433200086523	3.56745910986658	0.000494352605169522	0.00258531234168717	-1.06227202610143
8655	hsa-miR-381	-0.457451468158214	6.95310838353703	-4.3669253576644	2.43735122962141e-05	0.000182713081592121	1.78711809322614
8604	hsa-miR-192	0.572714255448343	6.89413539778624	3.61605553468167	0.000416806473864279	0.00223448123996723	-0.902382011155396
9662	hsa-miR-30b*	0.284123919773495	6.86797733120145	2.65726600574633	0.00879539981033592	0.0303853401406624	-3.71007303965633
5175	hsa-miR-654-3p	-0.286557712382425	6.85896758028445	-2.50653697058966	0.0133382811268289	0.0430820717337036	-4.08183275719219
8029	hsa-miR-769-5p	0.672221484747349	6.80214518321011	5.50893877412002	1.68308346154975e-07	2.29924579275263e-06	6.58128459791472
7576	hsa-miR-153	-0.595522349746107	6.79275714824547	-2.63195461860559	0.00944404633078165	0.0321719208675944	-3.77387609016166
6091	hsa-miR-194	0.785427684282801	6.76854513754489	4.90567044315559	2.55385751415708e-06	2.57028472030648e-05	3.95158505162694
13014	hsa-miR-139-3p	0.418221419690814	6.76169594710542	3.31638834195642	0.00116227049273597	0.00539107609453816	-1.85934348820477
13530	hsa-miR-601	0.766036844965523	6.74867349892931	4.91484291246027	2.45402686342321e-06	2.48655011101074e-05	3.99000092719513
1964	hsa-miR-224	-0.462889137119568	6.72905798072143	-2.44976532325161	0.0155319013788875	0.0488882491121192	-4.21671936244865
3358	hsa-miR-518c*	0.760659193495812	6.71199386390211	3.84160846173834	0.000184799438201492	0.0011046917993955	-0.137074261735657
7375	hsa-miR-1228	0.645204294637528	6.67020689804829	5.27714407788143	4.89540959069482e-07	5.95593412770248e-06	5.5467430991301
409	hsa-miR-629*	0.721578983176181	6.63143419107679	4.50347174118596	1.39876449916702e-05	0.000112772768728529	2.31814581651268
9095	hsa-miR-20a*	-0.371573328600915	6.62978505651763	-2.45238145943743	0.0154241597834515	0.0486629528830303	-4.21056577231273
4150	hsa-miR-29a*	-0.249371532609694	6.60290929042534	-2.65447410119344	0.00886491844485032	0.0305705644781922	-3.71713774234531
2235	hsa-miR-455-5p	-0.510015515079441	6.58854092453072	-3.70735550620838	0.000301150147435767	0.00168774526609566	-0.597164474404927
8202	hcmv-miR-US4	0.726465241131413	6.56705761351851	5.91372084654094	2.44876123486681e-08	4.2244270738933e-07	8.45478177414327
107	hsa-miR-622	0.846086775593408	6.56403300645528	5.39030502477234	2.9168051965266e-07	3.75584026071405e-06	6.04817290334843
7946	hsa-miR-30c-2*	0.29352241077047	6.53861790347182	3.27795297521149	0.00131949479768592	0.00599430182230308	-1.97700503381926
3790	hsa-miR-615-3p	0.61514459843715	6.50423359936471	2.98306626453111	0.00336882277038818	0.0133326115289245	-2.8401739869067
6702	hsa-miR-136*	-0.549807893034451	6.4507195430124	-4.50823137114824	1.37166616187131e-05	0.000111187589603255	2.33687656034486
13170	hsa-miR-513b	0.94979797789221	6.43829452292388	4.83372997603304	3.48578215863936e-06	3.38661983585929e-05	3.65204621752559
68	hsa-miR-1229	0.906500103168315	6.43021966717502	3.81542689816824	0.000203460065900136	0.0012028816549878	-0.227842483025823
11322	hsa-miR-193b*	0.560267540214425	6.39965511560242	4.04687320110051	8.55529541757867e-05	0.000556135532072167	0.5917455453308
2430	hsa-miR-598	-0.393379865589424	6.39157002034007	-3.1265257269572	0.00215243666835849	0.00909933641515294	-2.42906941321283
11815	hsa-miR-30c-1*	0.477644215575104	6.38384530824135	5.52104180901832	1.59063679138885e-07	2.19074807215234e-06	6.63609243826986
11332	hsa-miR-99a*	-0.348799839163617	6.37675606387057	-2.81397253422057	0.00559978871984536	0.0206723613207789	-3.30284862230793
7875	hsa-miR-23a*	0.345236240260716	6.37564374732031	3.64234601482185	0.00037979271485755	0.0020690246036936	-0.815135744837646
10153	hsa-miR-1225-3p	0.386420218277286	6.37206236773434	3.14435090444535	0.00203373147973218	0.00868482729015432	-2.376814732087
12010	hsa-miR-106a*	-0.473486147449485	6.3711697720988	-3.46074150789937	0.000714876005162182	0.00354827426243538	-1.40704870092259
1440	hsa-miR-1238	0.47546202437358	6.36334906322236	2.91433936066563	0.00415249955286651	0.0159979619762496	-3.0311070099406
10849	hsa-miR-760	0.506930160409343	6.34614106788245	4.54647138212028	1.17157881044215e-05	9.7554235602163e-05	2.4878970784876
2723	hsa-miR-16-2*	0.385470278638316	6.34600331968501	4.74088068903011	5.18521418201445e-06	4.76057613473216e-05	3.2701196583105
3728	hsa-miR-452	-0.385870252762742	6.34092023107374	-3.509422178369	0.000604769860304859	0.00308366170529071	-1.25086086282456
13255	hsa-miR-887	0.427286698518752	6.34039828434322	4.42421826591843	1.93344840664393e-05	0.000149348345349028	2.00843267447023
12823	hsa-miR-501-3p	0.459206006987324	6.33666154314239	2.62562180031776	0.00961293917680529	0.0326398459659581	-3.78975298146459
1297	hsa-miR-221*	-0.728093056680996	6.32917720670073	-5.30661390745298	4.28056948687834e-07	5.25541450870757e-06	5.676650714674
9180	hsa-miR-337-5p	-0.407051806198141	6.3250486931466	-3.45614144075183	0.00072620133932705	0.00359652750165064	-1.42171283982142
13180	hsa-miR-539	-0.503063591811838	6.32083763006178	-2.87028550544237	0.00473934478936687	0.0179181212297589	-3.15142355313552
496	hsa-miR-877*	0.65199549315004	6.31391653362933	2.67803870974262	0.00829342539734247	0.0289259544185174	-3.6572988297509
8025	hsa-miR-345	1.17402384538601	6.31305364849406	5.14074496875159	9.05693044210112e-07	1.02497944515486e-05	4.95179870341261
4507	hsa-miR-545	-0.221983126553484	6.30147764855546	-2.94370457687224	0.0037991694247886	0.014813568177327	-2.95000669932171
13479	hsa-miR-200b*	0.317696624475242	6.30027675162577	2.60096379929786	0.0102967877023339	0.0345520137961609	-3.85124242477521
2062	hsa-miR-610	0.369330891277878	6.29191023125492	2.65538653904056	0.00884214428892924	0.0305154894977768	-3.71482962552908
12400	ebv-miR-BART19-3p	1.14127244284459	6.27130463386898	3.52438276223696	0.000574274651611413	0.00295349686228413	-1.20249409619838
6227	hsa-miR-200a*	0.321264689208869	6.26856343902637	2.64359706662356	0.00914051352745977	0.0313762117411986	-3.74459724693461
3217	hsa-miR-370	0.701432750381784	6.26816078010075	3.21844492142277	0.00160249282156278	0.00709080677637251	-2.15685505535473
919	hsa-miR-193a-5p	0.232864279673641	6.26028793421312	2.54540962360563	0.0120003369362138	0.0393941287664535	-3.98784587191536
9107	hsa-miR-30d*	0.454067528444629	6.2469087422075	4.3776664507127	2.33414610324702e-05	0.000175858174497715	1.8284433048378
661	hsa-miR-362-5p	0.226742886406407	6.23897262591759	2.76284637914069	0.00650193964899547	0.0234306641448535	-3.43800637832404
5036	hsa-let-7a*	0.558750030764675	6.23866664120769	4.17548974980652	5.20618515442239e-05	0.000359437801118049	1.06364722685083
1561	hsa-miR-877	0.474178809058405	6.23763761794878	3.41144063980846	0.000845375857075846	0.00410071288133114	-1.56335409216363
10606	hsa-miR-154	-0.335172430858181	6.23658240617153	-3.58050703439149	0.00047229270416968	0.00248734662516916	-1.01951865920085
8528	hsa-miR-495	-0.573239804285433	6.23415979183418	-4.64835699342206	7.6640647636248e-06	6.73596704502517e-05	2.89485901624936
1262	hsa-miR-382	0.512524849384781	6.19682388565366	2.98271674118195	0.00337243825033772	0.0133429959119507	-2.84115492885667
12585	hsa-miR-215	0.407616168507427	6.19233205408478	3.90478608415707	0.000146237445906905	0.000898525603709275	0.0840136727369787
10258	hsa-miR-19b-1*	0.235510132049621	6.17758362881807	2.6498621406016	0.00898084390505891	0.0308990630494689	-3.72879326210719
13633	hsa-miR-182	0.324957649808316	6.17217492273279	3.02738937212425	0.00293820731532993	0.0118657015711523	-2.71496291092337
10802	hsa-miR-23b*	-0.244390587727517	6.1720951701337	-2.54097867140302	0.0121465218555336	0.0397866597098492	-3.99862567680271
9526	hsa-miR-198	0.864231392472693	6.17086373645287	6.08830871085163	1.04175146486598e-08	1.94691773767175e-07	9.287440362955
10484	hsa-miR-33b*	0.463212249788262	6.15688524216393	4.17783885745297	5.15865449713292e-05	0.000356705318157351	1.07237328225862
9964	hsa-miR-513c	0.70746655530038	6.15657918178966	4.12901713635118	6.23736868757778e-05	0.000423461317154624	0.89180450640419
6841	hsa-miR-132*	-0.316156735992987	6.15151000204116	-3.06231479021372	0.00263530581470938	0.0107881579077364	-2.61516082467398
623	hsa-miR-933	0.603817712587519	6.14980628448903	4.1969101896411	4.78786561243278e-05	0.000333292910920308	1.14335703538529
10809	hsa-miR-299-5p	-0.231204922474324	6.14979753276364	-2.55741369729504	0.0116121899508434	0.0383444485836929	-3.95855594546089
1134	hsa-miR-500	0.290546127057862	6.14717167153623	2.5501569837823	0.0118454642414009	0.038980818496525	-3.97627731608237
5520	hsa-miR-486-5p	1.55628712925052	6.14392517714627	9.43559846182378	1.17979527687099e-16	8.31168861024922e-15	27.2623997886301
10660	hsa-miR-34a*	-0.280327816653245	6.13443755011845	-2.77606775684813	0.00625676923100308	0.022668574790624	-3.40326663847152
2178	hsa-miR-551b	-0.419077154085657	6.12259403459097	-2.57739890154802	0.0109908968218502	0.0365801403994104	-3.90951402377954
12809	hsa-miR-665	0.55645218864889	6.1193817946668	4.66249532698308	7.22221681788817e-06	6.3893589415847e-05	2.95185363111462
3717	hsa-miR-502-5p	-0.302906145750587	6.11662146427216	-3.83355736127988	0.000190357266372435	0.00113539334056183	-0.165039867441031
11342	hsa-miR-564	0.627846414810299	6.10730041886506	5.3420799909981	3.63994328156709e-07	4.53509970340433e-06	5.83362497222385
7704	hsa-miR-149*	0.67572886280417	6.10443971836031	5.80176029142865	4.20582226006079e-08	6.77766997980574e-07	7.92842231772032
1825	hsa-miR-498	0.355509133788475	6.08446860137583	3.329833399031	0.00111153389740772	0.00518253642533553	-1.81790802203857
10920	hsa-miR-187*	0.354109509172623	6.07744134759707	2.99738760470014	0.0032237143434145	0.0128300207645624	-2.79989407727293
67	kshv-miR-K12-8	0.372269703901282	6.07334380386913	2.69937202802945	0.00780500687646798	0.0274357817475844	-3.60271480308323
7020	hsa-miR-423-3p	0.239191026603774	6.0702481509646	3.60634031331671	0.000431326496998084	0.00229949657036696	-0.934490108106859
85	hsa-miR-512-3p	0.47805309964375	6.0618490342117	4.97118583861021	1.9189138720961e-06	1.98775250676868e-05	4.22707774221607
6302	hsa-miR-31*	-0.780082511566371	6.05724623002473	-4.72952586018303	5.4413827906305e-06	4.96065357931735e-05	3.22377815011662
10730	hsa-miR-383	-0.29299016306673	6.05216542692535	-2.4622023183814	0.01502561166615	0.0476288882402155	-4.1874117453659
5832	hsa-miR-659	0.423143112737533	6.03827787231416	3.41425236633891	0.000837369448660993	0.00407215153638682	-1.5544905842742
11459	hsa-miR-296-5p	0.52470287492403	6.03141073192429	6.45191132639778	1.68521601297077e-09	3.82399100683554e-08	11.0654765245228
13357	kshv-miR-K12-10a	0.839330828900847	6.02169515101378	7.35597205308158	1.46774448162263e-11	5.65901711882924e-10	15.7119350226067
11098	hsa-miR-636	0.225976509313208	6.0096726484116	2.77208743448833	0.0063296783954916	0.0229073730964989	-3.41374072665867
5614	hsa-miR-196a	0.946396215406059	6.00637207590496	8.24282726173098	1.10189478389662e-13	5.65919702752402e-12	20.5210540018042
321	hsa-miR-605	0.470795361850679	6.0033838759977	2.47738985856017	0.0144273138884002	0.046003302294387	-4.15143813117321
2172	hsa-miR-769-3p	0.642865570244396	6.00007192469039	4.53487685979309	1.2290642852247e-05	0.000101089786197943	2.44200707619779
2198	hsa-miR-936	0.622680110485602	5.99873747225464	6.04104300672064	1.31470626055169e-08	2.39386839539695e-07	9.06061778861991
3439	hsa-miR-379	-0.237454558889988	5.98176057630697	-2.50763486772444	0.0132987347894207	0.0430059541760263	-4.07919636082618
5125	hsa-miR-10b*	0.342682880141385	5.9720780345077	3.08864587096005	0.00242630969461047	0.0100487606188607	-2.53925690236394
423	hsa-miR-516a-5p	0.616496395996484	5.96062109384597	3.20045045560898	0.00169860572281618	0.00742378182303057	-2.2106810440165
8013	hsa-miR-7	0.369506123188854	5.93209495750381	2.5662953727901	0.0113322915871916	0.0375214851371187	-3.93680395785781
10227	hsa-miR-526b	0.415509857140741	5.93191771914617	3.60689520311616	0.000430484486947797	0.00229682761949626	-0.93265816448145
8421	hsa-miR-194*	0.230979135250705	5.9273799532572	2.52932356179959	0.0125386891761795	0.0408821423684691	-4.02689898177156
799	hsa-miR-200c*	0.518308486566468	5.92301627543881	3.99067129921424	0.000105930766460573	0.000672995464350078	0.389190671840989
3547	hsa-miR-648	0.334881592146829	5.91801132267924	3.41412852927075	0.000837720573742462	0.0040723872977885	-1.55488109027755
6978	hsa-miR-548c-3p	0.283846239008883	5.91755553791687	2.54325527071639	0.0120712147802729	0.0395785248741111	-3.99308920826115
8319	hsa-miR-550	0.646067805153476	5.91294718645609	5.88294096468006	2.84297837620228e-08	4.81802481488387e-07	8.30947340035623
2056	hsa-miR-335*	0.516051693247459	5.87795509981824	3.00658899885817	0.0031335438853235	0.0125230075797188	-2.77392501726779
9	ebv-miR-BART7	0.716257811559799	5.87365177427988	6.28691440858514	3.87772517266921e-09	8.14019811598079e-08	10.251518896372
13674	hsa-miR-425*	0.263649211212059	5.86593681819898	3.84988284779444	0.000179248317395237	0.0010758097051161	-0.108283705569439
3424	hsa-miR-584	0.401286749567834	5.86228262699608	3.29453092620699	0.00124939242059502	0.00574959795195847	-1.92639901657365
5064	hsa-miR-542-5p	0.223526054273514	5.84509489802355	2.57874118662115	0.0109502583085706	0.0364809794008729	-3.9062077396699
11076	hsa-miR-602	0.461025292303795	5.84058081979152	6.26355910423312	4.35933076004403e-09	9.05233868937538e-08	10.1372432236175
6399	hsa-miR-490-5p	0.247685905678416	5.80016835269862	3.00276762955319	0.00317070605130668	0.012652734468085	-2.78471853871517
5007	hsa-miR-337-3p	-0.195053322698726	5.79520894603677	-2.66253067608269	0.00866564718979114	0.0300064201198738	-3.69673294383317
7715	hsa-miR-449a	0.562498436419379	5.79517556141609	2.88701916900279	0.00450803196913108	0.0171792914688835	-3.10591318633785
5523	hsa-miR-33a	0.256655952837156	5.789731154453	2.82884184409293	0.00535972178691413	0.0199098029372339	-3.26312477167208
12045	hsa-miR-499-5p	-0.384758192893365	5.78213137448056	-4.09734100122107	7.04932162813913e-05	0.00047294122289953	0.775536224989032
7326	hsa-miR-330-3p	0.224848628864814	5.77945444956469	3.62267068694603	0.000407185084591356	0.00218900619187427	-0.880478502586031
1130	hcmv-miR-UL148D	0.383507181995984	5.77818330957432	3.58061106185837	0.000472120615241911	0.00248734662516916	-1.01917727728171
987	hsa-miR-645	0.410267549376637	5.76572382798961	2.91158101478059	0.00418719159636798	0.0161209871590064	-3.0386880217757
82	hsa-miR-662	0.579238206002239	5.76071418567005	5.13399125626946	9.33466926472797e-07	1.05375259753506e-05	4.92261411598414
12699	hsa-miR-627	0.192429345642357	5.74890785212066	2.74533597628934	0.00684008459609944	0.024485282874465	-3.48378696185031
12643	hsa-miR-191*	0.337857231776765	5.74880163953132	4.7331230888685	5.3589310429414e-06	4.89543626027287e-05	3.23845053925316
5637	hsa-miR-33b	0.272392788407758	5.73937159007771	3.04784768163013	0.00275709569883581	0.0112218631952615	-2.65662318079779
8816	hsa-miR-183*	0.567759663998284	5.73673181413794	7.08981668548484	6.10384208805405e-11	2.10059588585308e-09	14.313763769026
1549	hsa-miR-376b	-0.20559251938127	5.72040906101623	-2.45176623463513	0.015449436914073	0.0487198554290522	-4.21201342565646
1445	hsa-miR-422a	0.53722334478904	5.71537799181868	5.35290715443895	3.46373321320208e-07	4.35071869958389e-06	5.88168366515198
5297	hsa-miR-129-3p	0.183797928732176	5.70079840491836	2.55784869003052	0.0115983384497361	0.0383081105006502	-3.95749220872051
8474	hsa-miR-216a	0.248376857570899	5.68583983040089	2.4775989250368	0.0144192282478324	0.0459884179433118	-4.15094151752857
8352	hsa-miR-34c-3p	0.790112525513648	5.68127611930823	5.97619109599171	1.80636277877392e-08	3.2001965169306e-07	8.75108252698857
4651	hsa-miR-1237	0.237581708310302	5.67133289216073	4.73646717881447	5.28336667972497e-06	4.83296954740851e-05	3.25209764562264
8496	hsa-miR-519e*	0.271411217009417	5.67109034527953	3.99775936497575	0.000103126404347181	0.000657974820718665	0.414612786398654
5	hsa-miR-15a*	0.456001766019759	5.66890587667352	3.46637663020813	0.000701228396561285	0.00349342069756707	-1.3890626497645
5908	hsa-miR-373	0.262869045296537	5.6672731515628	2.73838801414725	0.00697862651024142	0.024921549448463	-3.5018799186851
11812	hsa-miR-181a-2*	0.229438959395007	5.66676226566904	2.99212721693665	0.00327633192129453	0.013008652208008	-2.81470903756658
12593	hsa-miR-517*	-0.239189660108715	5.66247543703044	-4.14802401804736	5.79397004843198e-05	0.000396559821829607	0.961905555864671
210	hsa-miR-625*	0.333264133314496	5.65979857159738	3.37885494840829	0.000943550769984537	0.00449591711656756	-1.66562423115688
2547	hsa-miR-708	0.749666239284414	5.65869622515077	9.73856349806669	2.00900200285362e-17	1.46125032164315e-15	29.0094873626308
265	hsa-miR-921	0.248969651233637	5.65758705340203	2.46127688936363	0.0150627720276913	0.0477196557097026	-4.18959719103302
1612	hsa-miR-93*	0.28550189643722	5.64729361180287	4.42214121121571	1.94982015508289e-05	0.000150267926728496	2.00037129604553
10805	hsa-miR-654-5p	0.162073794265663	5.64724521496425	2.68149662573664	0.00821242615665771	0.0286881811153967	-3.64847781474707
11724	hsa-miR-583	0.506596684032851	5.64243071774091	6.92221516778645	1.48003889327027e-10	4.4248521895416e-09	13.4456503165113
12418	hsa-miR-410	-0.188936698940612	5.64206139842797	-2.56027585104536	0.0115213218729722	0.0380817752696423	-3.95155377663687
12565	hsa-miR-508-5p	0.780692332279221	5.6141164869757	4.90213044628775	2.59343018289354e-06	2.60232636398326e-05	3.93677244818271
9619	hsa-miR-550*	0.134727026069512	5.61368531686498	2.53187691166449	0.0124518183451674	0.0406382895106895	-4.02071512716111
11653	hsa-miR-492	0.521608997106749	5.61136298908886	5.082220029927	1.17570912652781e-06	1.29251160184299e-05	4.69976680565626
13679	hcmv-miR-US33-5p	0.211470060467996	5.60506982895363	3.34702209203309	0.00104968286769434	0.00492143995390069	-1.76472735574859
39	hsa-miR-26b*	0.247722267548705	5.60286476493679	3.73808775165995	0.000269592247407608	0.00153388299412972	-0.493021373524321
489	hsa-miR-1227	0.507539418545318	5.60061365196503	2.83428976049455	0.00527414223389738	0.0196317725862581	-3.24852378976936
1260	hsa-miR-431*	0.720669733398467	5.59764543016946	6.61111898744012	7.46500672496712e-10	1.8498919059145e-08	11.8615588845531
8465	hsa-miR-411	-0.221965340649247	5.59601815381458	-3.09595398492153	0.00237108350918962	0.00986558432271353	-2.5180895723536
849	hsa-miR-566	0.344788056878945	5.58956530889355	4.52302104183871	1.29065446703761e-05	0.000105382563764915	2.39517278475131
7978	hsa-miR-184	0.165263147715787	5.58798456539186	2.46006586333985	0.0151115240397239	0.0478336079695424	-4.19245595069047
613	hsa-miR-99b*	0.207656608755192	5.58279256638566	2.60288229719834	0.0102420520589766	0.0344026591376906	-3.84647715282473
12102	hsa-miR-503	0.243290979332994	5.58241621924803	3.37307985674993	0.000962026904533114	0.00456453950190324	-1.68366256944527
8391	hsa-miR-376a*	-0.176673473017109	5.58056221164627	-2.48271965589781	0.0142224411610643	0.0454793650815781	-4.13876583010456
79	hsa-miR-493	0.272931019739331	5.57999704410842	3.84453476607628	0.000182817827864589	0.00109479158511166	-0.126897961743794
6966	hsa-miR-516b	0.240882904295797	5.57525157510963	3.52401272159375	0.000575011154094788	0.00295498045315515	-1.20369249236129
12731	hsa-miR-509-5p	0.281037769487354	5.57392742010211	3.64207115349802	0.000380163097337525	0.00207020422410916	-0.816050586346281
11829	ebv-miR-BHRF1-1	0.202030720503344	5.56232440680882	3.36669722331411	0.000982840462765683	0.00464527617385846	-1.70356808683431
4689	hsa-miR-510	0.192836799754102	5.5621022626203	3.22165111567069	0.0015859081503973	0.00702204016839293	-2.14723723616188
5659	hsa-miR-629	0.126436636101278	5.55290741614953	2.48046145396238	0.0143089256017992	0.0456799295131221	-4.14413804785016
3128	hsa-miR-628-3p	-0.152355285830531	5.54998519293961	-3.0763546912053	0.00252188271145733	0.0103711655762133	-2.57475891690898
5679	hsa-miR-625	0.190472278182402	5.54524456813787	3.14964111916129	0.00199968788671117	0.0085639084034327	-2.36125684578027
1068	hsa-miR-1226	0.353838305203059	5.54348333611005	2.57524259765208	0.0110564638843296	0.0367347600067997	-3.91482210448078
5600	hsa-miR-106b*	0.398036011022862	5.54065617013971	5.05003444972182	1.35604647355931e-06	1.47390640938724e-05	4.56200607695707
445	hsa-miR-593	0.409618743251368	5.53892044565301	3.57154634391043	0.000487340031250104	0.00255260703016793	-1.0488935860735
4372	hsa-miR-628-5p	-0.255206113907825	5.53628875142156	-4.08850691465538	7.29320689045413e-05	0.000486792618640629	0.743235554986379
1339	hsa-miR-520b	0.277704645552825	5.53347854382848	3.08234977054822	0.00247483990811932	0.0102026488369037	-2.55745806431786
846	hsa-miR-658	0.342464014877613	5.52632710143267	4.26301533029671	3.6904089683413e-05	0.000264420357177852	1.39133319916143
5225	hsa-miR-369-5p	-0.152790465487716	5.51377360407302	-2.47702412290441	0.0144414684252739	0.0460375264464548	-4.15230680239306
13492	hsa-miR-520d-5p	0.219619663814937	5.51338613942088	2.71342273104199	0.00749770617935106	0.0265288283853137	-3.56655134532177
9075	kshv-miR-K12-7	0.359025854498788	5.51134794731663	4.47445694195361	1.57546161617114e-05	0.000124702420630581	2.20428206405652
2297	hsa-miR-181a*	0.26612252917889	5.50653456028314	4.31044715019851	3.05635760470043e-05	0.000223512760482875	1.57109452020066
12488	hsa-miR-183	0.251526502168255	5.50159970603646	3.32111281860712	0.00114420052592317	0.00531825985382458	-1.84479971317438
237	hsa-miR-299-3p	0.1389509864896	5.49768455668951	2.7808998171084	0.00616928573019739	0.0223938248679623	-3.39053316028639
3425	hsa-miR-518f*	0.196682043463275	5.49678292115542	3.09108445024526	0.00240775083788599	0.00999453873802949	-2.53219860951705
5074	hcmv-miR-UL36	0.158207554797551	5.4957289952334	2.8852296019544	0.00453226633356909	0.0172569823951629	-3.11079145945043
13311	hsa-miR-298	0.298788409160683	5.49355651238554	3.21689372064434	0.00161057450242643	0.00711720542024634	-2.16150532845041
6781	hsa-let-7f-2*	0.12343243975544	5.49194194261516	2.60597652000591	0.0101543238537622	0.0341676873658975	-3.83878483615193
6652	hsa-miR-182*	0.30275056254809	5.49128633435379	4.58603172864831	9.94321471986064e-06	8.4680947639522e-05	2.64512482082494
7370	hsa-miR-363*	-0.167725387956432	5.49037889196293	-2.48277100633428	0.0142204799781339	0.0454793650815781	-4.13864361641733
2657	hsa-miR-934	0.18978659576928	5.48927506554863	2.6301883325291	0.00949088116247566	0.0322987599702257	-3.7783077944102
13584	hsa-miR-490-3p	0.184153889908109	5.48182575666813	3.39394923342134	0.000896816868369562	0.00431292629763432	-1.61835415745804
566	hsa-miR-220c	0.264578014586285	5.47909481312232	3.89411019808036	0.000152165492828354	0.000929634509851172	0.0464502250562608
8922	hsa-let-7g*	0.121412801624334	5.47813964462759	2.84553401263023	0.0051014420619389	0.0190611163741817	-3.21830894741179
1984	hsa-miR-92b	0.194365502900584	5.47784782019056	2.73911190539925	0.00696407420654802	0.0248827887741131	-3.49999677747178
6	hsa-miR-520e	0.268059874072238	5.47744068874494	3.72561042262688	0.000282007210353668	0.00159239992552201	-0.535388421380015
8636	hsa-miR-634	0.120182545629715	5.47338882428327	2.60623028871057	0.0101471590289346	0.0341570570377615	-3.83815359300737
10604	hsa-let-7i*	0.152540806065426	5.47168676080024	3.22922967641721	0.00154733939905907	0.00688297486074011	-2.12447059591076
4307	hsa-miR-518d-5p	0.183243845237427	5.4702641260812	2.70203412269758	0.00774592315877134	0.0272494488952751	-3.59587612248324
1049	hsa-miR-15b*	0.165158304766846	5.46083346912088	2.66547563984628	0.00859382241706791	0.0297666077156362	-3.68926033285242
4019	hsa-miR-154*	-0.156330052655573	5.45421606565882	-2.80436312323263	0.00576010806604266	0.0211539339892658	-3.32842112916234
1412	hsa-miR-518e*	0.303529995051426	5.44521082595102	5.60029798801071	1.09681208152395e-07	1.56507989066663e-06	6.99688861581666
6498	hsa-miR-592	0.261365705084709	5.44359738652818	3.29124459922755	0.00126300675462957	0.00579441489611168	-1.93644824432798
1279	hsa-miR-525-5p	0.163746626450876	5.44266207102595	2.93891996340936	0.00385478896170614	0.014978354105896	-2.96326972658224
241	hsa-miR-758	0.221194740753725	5.43908992885731	2.85528525603272	0.00495587273636607	0.01861361705942	-3.19201985705012
3235	hsa-miR-571	0.326436309253531	5.4384949397549	2.92250660585775	0.0040513190559693	0.0156516075845888	-3.0086230006168
6128	hsa-miR-26a-1*	0.26820753315845	5.43680052175999	6.26818532106594	4.25948051369911e-09	8.8723792248197e-08	10.159860116918
11842	hsa-miR-588	-0.186499054049253	5.43575293687875	-3.03981243960076	0.00282696388232321	0.0114646250755097	-2.67957780587486
1064	hsa-miR-632	0.196342774298339	5.43097817498666	3.41381582578617	0.000838607821223856	0.00407522818432221	-1.55586711161309
95	hsa-miR-33a*	0.31785459575529	5.43010784292181	2.79399079987461	0.00593784112490928	0.02168238539397	-3.35593623438418
2317	hsa-miR-144*	0.400507636578172	5.42711656790572	3.57324025435596	0.000484461316816211	0.00253950583524696	-1.04334530079315
1555	hsa-miR-301b	0.214508887532408	5.42535774099848	3.26506807880035	0.00137649594099634	0.00622592584270477	-2.0161865945349
5338	hsa-miR-16-1*	0.278297267222884	5.42239046828076	3.75244619339266	0.000255946567618221	0.00147432235182824	-0.444123812845566
3447	hsa-miR-543	-0.13277317193543	5.42199162951158	-2.56108759274846	0.0114956669367236	0.0380063130959589	-3.9495665790862
1699	hsa-miR-431	0.147772745367984	5.42177745903771	3.291979972865	0.00125994833851276	0.00578345748581871	-1.9342002971101
13047	ebv-miR-BART2-5p	0.200798284167514	5.41581821451363	2.98191458429121	0.0033807492912252	0.0133680171797609	-2.84340581064475
8703	ebv-miR-BART15	0.255008793431239	5.40985653030757	4.60676122466844	9.12077990212237e-06	7.89763284188923e-05	2.72791227878346
11697	hsa-miR-487a	-0.127681309839502	5.40563977207321	-2.55604844831945	0.0116557600589464	0.0384411537630351	-3.96189347331552
2441	hsa-miR-433	0.214785016461221	5.40536642277862	4.04839804630399	8.50560035386606e-05	0.000553707587622746	0.597272358542112
10927	hsa-miR-302c*	0.280695471175697	5.40222229400539	6.59762154706096	8.00153232891191e-10	1.96834769685263e-08	11.793672518818
9409	hsa-miR-617	0.120635405957201	5.39865536266637	2.66172184826596	0.00868546840208658	0.0300595840582503	-3.69878397460572
8730	hcmv-miR-US25-1	0.134643179889034	5.39681790477496	2.88082718210268	0.00459239253637396	0.0174661486629305	-3.12278082471291
665	hcmv-miR-US33-3p	0.331194312191335	5.39313316358115	3.0587764268244	0.00266462521716831	0.0108982361465704	-2.62531753133291
9804	hsa-miR-329	-0.138600141184672	5.38843640352664	-2.95872967020752	0.00362926462632331	0.0142460282414838	-2.90823318871807
92	hsa-miR-891a	0.282713369850156	5.38089578175576	3.42775305143694	0.000799906668794834	0.00391829054798081	-1.51184599082556
7130	hsa-miR-551b*	0.286339501346147	5.37975760132966	4.77005896386616	4.57932600552439e-06	4.3000286622705e-05	3.38956937195788
4699	hsa-miR-10a*	0.121613635999162	5.37698834994087	2.5350528958469	0.0123445160915417	0.0403272174138833	-4.01301540181025
13551	hsa-miR-125b-1*	0.871848362722011	5.37655244793973	7.59840615610073	3.93391554656741e-12	1.64393688182022e-10	17.0049478765595
13687	hsa-miR-192*	0.208378490181707	5.37399079914188	4.55308515408273	1.13995884935452e-05	9.52750700429469e-05	2.51411261358977
2546	hsa-miR-186*	0.160925871252716	5.36874085117266	3.3900828605142	0.000908576612879764	0.00435857643597508	-1.63047930340321
4685	hsa-miR-497*	-0.118591071418188	5.3686251234077	-2.82941065312001	0.0053507276595845	0.0198838418633993	-3.26160147443808
1627	hsa-miR-624*	0.130248728476647	5.36841058308325	2.84654630482842	0.00508615058202679	0.0190214681022103	-3.21558355619829
858	hsa-miR-568	0.23804756854419	5.3660663268349	2.6897974235747	0.00802089859259323	0.0281358736866357	-3.62726091771165
12309	hsa-miR-25*	0.158360309302653	5.36370778608161	3.48994929586837	0.000646747778959685	0.00326185836344885	-1.31355757024797
3119	ebv-miR-BART11-3p	0.182009142515938	5.36293831912865	2.71561895855195	0.00745067642470318	0.0263832373607384	-3.56088347240348
4818	hsa-miR-548a-5p	0.144280958634281	5.35892633989453	2.79651646959731	0.00589410876819153	0.0215460819301237	-3.34924467030381
15	hsa-miR-489	0.259018750766976	5.3527741897925	5.78928877040179	4.46542013171146e-08	7.15576389031002e-07	7.87016751646203
2128	hsa-miR-876-3p	0.208214892673771	5.35226984049755	3.87526567749994	0.00016319138121369	0.000989145597122261	-0.0196531749700037
7429	hsa-miR-524-5p	0.138547612025918	5.35164897261992	2.87785715168976	0.00463336734307562	0.0175740200693898	-3.13086010575199
2399	hsa-miR-18b*	0.318328715399678	5.35039950788162	5.78837250055627	4.48509988403967e-08	7.16763705933941e-07	7.86589061078449
5992	hsa-miR-138	0.174030224441156	5.34423992016595	4.42063778361517	1.96175362602948e-05	0.000151014626955679	1.99453803312242
12560	hsa-miR-92a-1*	0.127785841426415	5.3393226577688	2.96108162766561	0.00360330976108577	0.0141606706031455	-2.90167718933847
336	hsa-miR-619	0.300588307728005	5.3372531657645	3.07699650494305	0.00251680723109052	0.0103566232726465	-2.57290814791445
3687	hsa-miR-517b	0.192472479084914	5.33458930380389	3.47583247143834	0.000678875875733179	0.00339842030649764	-1.35882646639337
3404	hsa-miR-520g	0.20463406601562	5.33380839918296	3.37388060316957	0.000959445021978924	0.00455550184041934	-1.68116302330083
13678	hsa-miR-137	0.271469141357795	5.33178444927686	3.68611823194508	0.00032496771158254	0.00180543580803248	-0.668719873586762
4262	hsa-miR-938	0.16820287996242	5.327696856391	3.35214839439292	0.0010318691485603	0.00484805560859896	-1.74882182338592
645	hsa-miR-302d	0.164274759624815	5.32508842375647	2.46899247061172	0.0147554422916441	0.0468940083789236	-4.17135344976767
13093	hcmv-miR-UL112	0.11012602655934	5.32433968305821	2.68131759695054	0.00821660215125918	0.0286951981695675	-3.64893476241266
9536	hsa-miR-671-3p	0.167959194542788	5.32196594711227	4.2657168548829	3.65113660730845e-05	0.000261885363475174	1.40153071003954
1405	hsa-miR-493*	0.228625139556424	5.31925920766443	3.98963732782899	0.000106345882109132	0.000675313916781728	0.385485214874205
78	hsa-miR-888	0.221382775842511	5.31823109624655	3.1373031408799	0.0020799205581988	0.00882605204387354	-2.39750612669199
8847	hsa-miR-18a*	0.256261522909719	5.3149960821112	4.31893194232714	2.95456767045022e-05	0.000217012350292457	1.60341126692255
2054	NC1_00000215	0.285203763675323	5.31380571932474	3.28446308325804	0.00129153938214407	0.00589916969658201	-1.95715826069938
5464	hsa-miR-148a*	-0.0926720822592975	5.31227319717666	-2.57281429391281	0.0111307219964274	0.0369449914119207	-3.92079492168816
638	hsa-miR-409-5p	0.248329466472508	5.31226663546012	3.76111054999867	0.000248031777256741	0.00143734521738446	-0.414543443698533
989	NC2_00079215	0.17590930071163	5.30988564756938	4.05774232877272	8.20703693709903e-05	0.000537391187472528	0.631176626079699
10536	hsa-miR-130b*	0.114774453189863	5.3093713718918	2.75779710231262	0.00659785293399073	0.0237508585018136	-3.45123437342941
5027	hsa-miR-944	0.811170543317769	5.30786655192471	3.24376997798099	0.0014757740523748	0.0066259645140992	-2.08066152371522
9417	NC1_00000197	0.211401240249031	5.30729758065478	4.3630215281475	2.4759370829019e-05	0.000184987281441021	1.77211759339709
2126	hsa-miR-637	0.368871098362153	5.30728990025545	5.25254414413314	5.47385858547776e-07	6.57815083063337e-06	5.43867148876052
13693	hsa-miR-942	0.144210579830968	5.30674002286586	2.68787002774287	0.00806500625094551	0.0282537683188552	-3.63219262243431
455	hsa-miR-517a	0.221768845706078	5.30627955287716	2.82878173744814	0.00536067301141485	0.0199098029372339	-3.26328572414325
123	hsa-miR-325	0.224121239818457	5.30579060961306	3.14047344325535	0.00205902422455376	0.00876502055222886	-2.38820347913264
12847	hsa-miR-517c	0.179323413986863	5.29814304369639	2.45313299263971	0.0153933322111987	0.0486027806627611	-4.20879692689251
284	hsa-miR-513a-3p	0.126328630957201	5.29764157794579	2.67878554386146	0.00827587041742057	0.028872209576565	-3.65539455262873
4732	hsa-miR-28-3p	0.160557025328215	5.29610440666199	3.07221945407953	0.00255481183815803	0.0104905548044719	-2.58667543486739
3968	hsa-miR-641	0.157577070817629	5.29237147448926	3.34243370466407	0.00106587086341575	0.00498691180045978	-1.77894632145098
6980	hsa-miR-1233	0.138769462871632	5.29036626074397	3.09576052935195	0.00237253030739092	0.00986855264799143	-2.51865046133909
2400	hsa-miR-576-5p	0.219598575340659	5.2902812140935	4.3764184764942	2.3459178429349e-05	0.000176547374130492	1.82363790876884
13441	hsa-miR-223*	0.106486548110751	5.28602630464285	2.57791352370915	0.0109753003335946	0.0365372689977359	-3.90824660380632
1335	ebv-miR-BART20-5p	0.189335731842293	5.28101474765845	2.51503764474756	0.0130348098826719	0.042294767731187	-4.06139244671481
2937	hsa-miR-100*	-0.112356879678265	5.28053046046951	-2.67547880143178	0.00835385407586611	0.0290914752704075	-3.66382244860196
8824	hsa-miR-323-3p	-0.0995425131060479	5.27906044883984	-2.46518128991605	0.0149065454786406	0.0473071877265536	-4.1803716476053
998	hsa-miR-596	0.136331453709936	5.27891365110985	2.97860446502373	0.00341524475197176	0.0134806492761901	-2.85268849402292
10909	hsa-miR-302c	0.0990586796608106	5.27741037804854	2.57591417628206	0.0110360055278207	0.0367030376624704	-3.91316934109941
3970	NegativeControl	0.114498140902003	5.27599319769108	2.99129951491308	0.00328468273560736	0.0130379619145524	-2.81703803319296
13727	hsa-miR-187	0.130426686934205	5.27415501046474	2.74741723066712	0.00679907339925595	0.0243665936588197	-3.47835923160236
4985	NC2_00092197	0.143680178926665	5.27403057011803	3.91881910611442	0.000138778989831844	0.00085719682920419	0.133514699325787
777	hsa-miR-508-3p	0.250791154819812	5.27369399917683	2.76681892011146	0.00642737234457189	0.023174362880107	-3.42758396111343
4400	hsa-miR-96*	0.136815981102347	5.27010833356084	4.06351180888651	8.02772108316065e-05	0.00052744636179204	0.652141026907038
4040	hsa-miR-582-3p	0.155341740212701	5.26997761264277	3.6235141269191	0.000405973527269995	0.00218423821789086	-0.877683398093306
822	hsa-miR-411*	0.260123702578662	5.26951348154267	3.50226800113475	0.000619885191034185	0.00314678432199125	-1.27392907660383
9423	hsa-miR-516a-3p	0.0907260111354979	5.2694197572087	2.63995558816343	0.00923449172981031	0.0316181477649688	-3.75376752844021
11418	kshv-miR-K12-1	0.133856420806884	5.26792563788851	3.15757592093459	0.00194961578016097	0.00836811162291737	-2.33787906687583
8704	hsa-miR-19a*	0.112335089084499	5.26744329787527	2.63209530095552	0.0094403249719338	0.0321673873948699	-3.77352299502006
13706	hsa-miR-217	0.121733344395658	5.26625642882564	2.59678478862272	0.0104169287297007	0.034915747103456	-3.86161145083436
307	hsa-miR-519a	0.287847798683373	5.26592428493725	5.21043880134821	6.62206208643809e-07	7.73493640929783e-06	5.25447989400643
2269	hsa-miR-519b-3p	0.361833398318564	5.2638474185981	5.98723305802008	1.71147101744284e-08	3.04623730300409e-07	8.8036467214347
6214	hsa-miR-585	0.170807197514309	5.26319557560961	4.18922728581699	4.93405850994451e-05	0.000342406865960873	1.11473101231627
4538	hsa-miR-374b*	-0.099574562669404	5.26275109941034	-2.77355014276219	0.00630279603178202	0.022823041820145	-3.4098932207741
450	hsa-miR-521	0.193317855152366	5.26118687190755	4.0327922728198	9.02748728259493e-05	0.000583728346345975	0.540786773304639
12148	hsa-miR-127-5p	0.117893015240466	5.2601523458621	2.80758282280926	0.00570593180794944	0.0209893434684985	-3.3198615806032
622	hsa-miR-146a*	0.133762537455691	5.25714881793357	2.68289110253299	0.00817996448705821	0.0285969348240726	-3.64491765290501
1057	hsa-miR-552	0.125726271121635	5.25648411225388	3.5637204194079	0.000500850357266366	0.00261319984776123	-1.07449844289507
428	hsa-miR-618	0.205188993989974	5.25598171125659	3.19792896195181	0.001712493931764	0.00745738457793412	-2.21820268192646
2685	hsa-miR-129*	0.110204358893069	5.25562111165454	2.59164081698606	0.0105665411963387	0.035342624493645	-3.87435397905709
341	hsa-miR-520a-3p	0.227564858033695	5.25504658984686	3.44827029326084	0.000745971682486199	0.00368089290778669	-1.44676648257597
495	hsa-miR-520c-3p	0.234946536353093	5.25433689697993	4.39078919162953	2.21375374829035e-05	0.000167821241898563	1.87903592367396
564	hsa-miR-551a	0.277252181287084	5.25294374571963	4.25558176586325	3.80057478605079e-05	0.0002710150202496	1.36329916753856
118	hsa-miR-522	0.0953821657576484	5.2524789049896	2.75508584010683	0.00664988354666135	0.0239061803376637	-3.45832833692313
1557	hsa-miR-380	0.122291121395255	5.25224142877544	2.44200219642938	0.015855564734457	0.0497441079661584	-4.23494407047915
1480	ebv-miR-BART11-5p	0.247417334900513	5.25176809517595	3.62931990198154	0.000397725725611468	0.00214845337769085	-0.858428844319159
361	hsa-miR-520h	0.302771151406311	5.25157453256016	3.74375431543145	0.00026412662290141	0.001511734512021	-0.473742215919369
3252	hcmv-miR-US5-1	0.141179347186927	5.24955068467485	3.29208197361546	0.00125952466399289	0.00578345748581871	-1.93388845938368
793	hsa-miR-491-5p	0.100423760268737	5.24854088131453	2.98100613936319	0.0033901843266386	0.013397450895521	-2.84595429754494
10853	hsa-miR-519e	0.0943501414035959	5.24647128039104	3.41150976311938	0.000845178170546299	0.00410071288133114	-1.56313626623057
4191	ebv-miR-BHRF1-2	0.115309387728558	5.24579213534549	3.18982792145663	0.00175783146572288	0.00763012264605388	-2.24233353542377
13724	hsa-miR-518f	0.0991915979777742	5.24473203768001	2.50849018050581	0.0132679989902915	0.0429271926937637	-4.07714175509149
8105	hsa-miR-450b-3p	0.0918844982914937	5.24199249648943	2.55990578207886	0.0115330348638736	0.0381028826415356	-3.95245953981914
12481	hsa-miR-302b	0.113437957063742	5.24197319498897	2.90223449433829	0.0043067291274086	0.0165103553100883	-3.06432866704078
13475	hsa-miR-124	0.103119892986385	5.24085876824043	2.74995337309898	0.00674940057647506	0.0242057393808764	-3.47174020678437
7495	hsa-miR-668	0.115671717887202	5.2400988647635	3.52394765959972	0.000575140740696591	0.00295498045315515	-1.20390318819491
1775	kshv-miR-K12-6-3p	0.176390772890443	5.23958431786095	5.55798971252697	1.33806627691347e-07	1.86580516291685e-06	6.80388321618065
5703	hsa-miR-657	0.10465484324022	5.23956738796025	3.40752799565566	0.000856636601787017	0.00414487670393603	-1.57567779142752
28	hsa-miR-553	0.139827670182335	5.23934134812309	3.25794440914734	0.00140898732316241	0.00636219242297763	-2.0377921036318
3949	hsa-miR-548b-5p	0.098611293528382	5.23859903426195	2.64166928239723	0.0091901571786379	0.0315064343938221	-3.74945338136272
782	hsa-miR-943	0.241736561237405	5.23698447848089	3.29350231894643	0.00125363885726214	0.00576322667007836	-1.92954530679376
13704	hcmv-miR-US5-2	0.0933821453331918	5.23641461301736	2.60646699248934	0.0101404801110513	0.034146721815392	-3.83756474819234
5173	hsa-miR-561	0.809871173712851	5.23584998303729	2.87031793033762	0.00473888626061873	0.0179181212297589	-3.15133559455749
778	hsa-miR-626	0.219884318531097	5.23490585105265	3.49869626774069	0.00062756383025152	0.00317701237767662	-1.28543116078953
11142	hsa-miR-155*	0.31525043695935	5.23289234065169	3.16241637467739	0.00191964435399168	0.00824472851174976	-2.32359294754545
1717	hsa-miR-563	0.0979729023230886	5.23155693618541	2.99375102640989	0.00326000582205161	0.0129476500417729	-2.81013830237585
658	hsa-miR-147	0.253853879804324	5.23009922376276	3.69508875692116	0.000314697676371965	0.00175781317279417	-0.638536364377665
13531	hsa-miR-767-3p	0.114115712478859	5.22999210702123	3.12592822875162	0.00215652470199951	0.00911375514764616	-2.43081651823235
11255	hsa-miR-611	0.109584363113195	5.22930330929928	2.64552930789875	0.00909099801692432	0.0312301427918646	-3.73972667121177
2762	hsa-miR-504	0.124256439370324	5.22906606242208	2.87382286589308	0.00468956069929708	0.0177554104585654	-3.14182260159021
3767	hsa-miR-518a-3p	0.142027670835813	5.22900133251629	3.22185846497937	0.00158484111274312	0.00702040389847867	-2.14661495379878
1056	hsa-miR-527	0.311304617315789	5.22843882348529	4.35317257488022	2.57591283212077e-05	0.000191817836574528	1.73431814747483
516	hsa-miR-548b-3p	0.12305601450271	5.22837717388333	2.48371116134376	0.0141846160511361	0.0453907713636356	-4.13640564514522
1926	hsa-miR-604	0.0974986418026891	5.2282244748045	2.80831885888756	0.00569361231298932	0.020972692932818	-3.31790360283464
1360	hsa-miR-518e	0.139504482254634	5.22816091955461	3.25312742506366	0.00143136132903357	0.00644591634654477	-2.05237867990026
8814	hsa-miR-708*	0.125577231316917	5.2277573699117	3.47772056704648	0.000674493575574047	0.0033802553269737	-1.35278076872631
666	hsa-miR-105*	0.159606065198467	5.22725906208189	3.14140385607279	0.00205292866715305	0.00874183802063651	-2.38547181349229
1773	hsa-miR-892a	0.192275040609148	5.22604562298354	3.24116615976191	0.00148835875812883	0.00666467735420352	-2.08851910781418
1985	hsa-miR-767-5p	0.249186659966898	5.22499509075852	4.75991364341841	4.78178067301625e-06	4.45593079889935e-05	3.3479767884896
13323	kshv-miR-K12-4-3p	0.103394674374169	5.22463868788933	2.55701156403511	0.0116250083002111	0.0383679449810254	-3.95953918077386
1207	hsa-miR-302a*	0.12229115116449	5.22447721612552	2.71406929592806	0.00748383284620637	0.0264867056229755	-3.56488316340049
8490	hsa-miR-590-3p	0.103621176573794	5.22362861846829	2.72857715900312	0.00717859378192735	0.0255678025223966	-3.52735794979004
369	hsa-miR-875-5p	0.148911453441031	5.22190230568161	3.64633431337647	0.000374456597756564	0.00204160777123676	-0.801854781061039
1560	NC2_00106057	0.109743256544554	5.22181286620101	2.61947954567913	0.00977934501752015	0.0331212853148128	-3.80511902978495
1914	hsa-miR-374a*	0.22738499329044	5.21840541743749	4.50114486821153	1.41219935070984e-05	0.000113719655674157	2.30899415179899
13400	hsa-miR-620	0.18081450990035	5.217924862171	3.9490409587832	0.000123927359369682	0.000774172027705866	0.240603490293825
3336	hsa-miR-26a-2*	0.163982245172913	5.21465582528112	3.09993168986766	0.00234151578771853	0.00976671929309999	-2.50655018145214
3550	hsa-miR-196a*	0.106773951878107	5.2144733384923	2.63586476378513	0.00934110533241781	0.031902008465232	-3.7640557552504
13462	hsa-miR-545*	0.134430851802983	5.21412087495128	3.20605644497264	0.00166810268609384	0.00731609532331479	-2.19394001030199
988	ebv-miR-BART3	0.22390098460721	5.21386759359972	4.08327911413389	7.44130960142786e-05	0.00049398254561822	0.724146565216876
13377	hsa-miR-556-3p	0.128535796811788	5.21275715984136	2.83890071894003	0.00520268699011506	0.0193765170603344	-3.23614639550576
986	hsa-miR-148b*	0.248050051601327	5.21243923098793	3.76443223701942	0.00024505943476501	0.00142318504712904	-0.403188362885281
487	hsa-miR-635	0.144198171995358	5.21142563384784	3.03115433967499	0.00290407435899688	0.0117384273279249	-2.70425240905718
768	hsa-miR-135b*	0.146509461758124	5.21118292498567	3.7924288071104	0.000221315068952886	0.00129817592320403	-0.307158986601677
9178	hsa-miR-105	0.117838094106179	5.2104142670519	2.73852024178616	0.00697596629410373	0.0249186627166073	-3.50153597313114
7570	hsa-miR-589*	0.124270676068804	5.20937158634534	3.34209333646884	0.00106708094768311	0.00499083810636913	-1.78000042809235
709	hsa-miR-587	0.206503475519407	5.20931436928625	3.11470126088461	0.0022346888903188	0.00939099741040905	-2.46359061204705
1273	hsa-miR-649	0.139158032208545	5.20856283972027	2.97262952007791	0.00347833200593925	0.0137095593063616	-2.86942127270188
1708	hsa-let-7e*	0.193172024764322	5.20785615327396	4.24532783082897	3.9577280850677e-05	0.000280585822511438	1.32469050112341
1987	hsa-miR-562	0.181077447731308	5.20746125345319	4.06222418338825	8.067413133808e-05	0.000529278942606146	0.647460184511131
1695	hsa-miR-512-5p	0.181897630689154	5.20576491546958	3.08273892284975	0.0024718144937234	0.0101981906923098	-2.55633401712722
848	hsa-miR-379*	0.222892440880794	5.20225220377605	3.74207926942514	0.000265731242077481	0.00151704692125354	-0.479443651034518
11813	hsa-miR-616	0.141331564691792	5.1993909676221	3.66931840235272	0.000345059705712473	0.00190213986074028	-0.725084736143507
11885	hsa-miR-608	0.0933087541956557	5.19830045327631	2.44663015772781	0.0156618998020692	0.0492398419945428	-4.22408586122908
5449	hsa-miR-222*	-0.0812060662897318	5.19678312359372	-2.45049034085842	0.0155019757806538	0.0488283207173404	-4.21501460301221
3620	hsa-miR-586	0.114991454185858	5.19636691019789	3.04351319709387	0.0027945844376595	0.0113641366555292	-2.66901227644888
7441	hsa-miR-518d-3p	0.0881612273785972	5.19594135872283	2.77114723420415	0.00634701287740154	0.0229522723134413	-3.41621286907108
847	hsa-miR-603	0.302216368450661	5.1958605984356	4.39615910246655	2.16623065161133e-05	0.000164589495471948	1.89977175715745
13088	hsa-miR-138-1*	0.129492037771852	5.19553227646919	3.21036076341446	0.00164502877214788	0.00723683885655874	-2.18106898570042
1553	hsa-miR-369-3p	0.157019779176757	5.19504170173366	2.55254893291942	0.0117681126595685	0.038773683630547	-3.97044108379092
9248	hsa-miR-606	0.100999122411267	5.19494930992987	2.65865676762997	0.0087609537687392	0.0302896695560521	-3.70655131934547
2195	hsa-miR-549	0.227466660993487	5.1940861005619	3.60889862586815	0.000427457312096383	0.00228429928179862	-0.926042011288586
11559	ebv-miR-BHRF1-2*	0.116928202752661	5.19314310574407	3.48085516035465	0.00066727678067767	0.00334907734457244	-1.34273768860357
5676	hsa-miR-488*	-0.0869984594873978	5.19178142751892	-2.94154074797991	0.00382423128277939	0.0148897153185994	-2.95600722723396
6165	hsa-miR-567	0.10629154073729	5.19140932256738	3.23478011556347	0.00151964798155031	0.00678261064792201	-2.10776741618853
585	hcmv-miR-US25-1*	0.124642821201626	5.19059994903427	3.23859659334183	0.0015008758347474	0.00671625714411738	-2.09626801422165
10469	hsa-miR-544	0.126082938498439	5.18971160460748	3.52007830733634	0.000582897096735157	0.00298798603187363	-1.21642779674448
10318	hsa-miR-506	0.0959253840406591	5.18911550145599	2.50297495505375	0.0134673095699983	0.0433738912335798	-4.09037901540251
13465	hsa-miR-556-5p	0.102624508646312	5.18861363736244	2.44982288358243	0.0155295236604652	0.0488882491121192	-4.21658403572205
8525	hsa-miR-633	0.105429426277166	5.1884917273167	2.76846606698787	0.00639668299492364	0.0230829896417143	-3.42325854948761
9752	NC2_00122731	0.106113353655867	5.18670390852232	2.89067975950881	0.0044588293618871	0.017025919423442	-3.09592624062552
4910	hsa-miR-591	0.111371926030601	5.18656441942007	2.5847216732974	0.010770830809571	0.0359455107573381	-3.89145774527367
1638	hsa-miR-642	0.117653533999358	5.18607446856835	3.36689391792143	0.000982192803064999	0.00464384622559474	-1.70295513330549
13517	hsa-miR-624	0.126541602494508	5.18605869321744	2.99745055597142	0.00322308940607994	0.0128300207645624	-2.79971664762345
938	hsa-miR-185*	0.149757696092331	5.1856612154586	2.85378412838364	0.00497803188432244	0.0186638052481033	-3.19607206508827
13486	hsa-miR-526b*	0.100327339320825	5.18517714320053	2.78531983440787	0.00609023867627654	0.02214871665621	-3.37886815616302
425	kshv-miR-K12-2	0.15154222562308	5.18504015755498	3.20765978660186	0.00165947279497077	0.00728306129456186	-2.18914734394629
13222	kshv-miR-K12-11	0.116979011512005	5.18331765475102	3.00878314247475	0.00311238800386246	0.0124646814836792	-2.76772217706315
467	hsa-miR-302b*	0.120725896694674	5.18169323228511	3.54043219271001	0.000543172020940969	0.00281220573827691	-1.15041606665053
2285	ebv-miR-BART7*	0.121851405071279	5.18130741618937	2.77042869662544	0.00636028966039244	0.0229879284636693	-3.41810167025974
1195	ebv-miR-BART17-5p	0.215212518911575	5.17996359186616	3.28290000770905	0.00129820061206326	0.00592557240024531	-1.96192654131917
12737	ebv-miR-BART8*	0.126976779857546	5.17876483869633	3.45874933033436	0.000719760219212312	0.00356856798442184	-1.41340139827587
707	hsa-miR-577	0.235032010054984	5.17767582096512	3.37237005974324	0.000964320971189286	0.00457381141639867	-1.68587779429408
490	hsa-miR-519c-3p	0.147122079037715	5.17764053908707	4.11237338821972	6.65214061075882e-05	0.000448902728477285	0.830625727582179
13348	hsa-miR-639	0.108989101129953	5.17688559031206	2.88920296878544	0.00447861966303226	0.017086562570389	-3.09995662064726
13629	hsa-miR-452*	0.09301121076148	5.17619046218007	2.69509936033159	0.00790068995176305	0.0277431325654811	-3.61367821267137
2334	hsa-miR-302d*	0.189289834312611	5.17467135387236	3.28613642063196	0.00128444360643692	0.00587273977853047	-1.95205146546809
86	ebv-miR-BART6-5p	0.113837721591594	5.1745132128375	3.84695138346124	0.000181196601523107	0.00108653363194961	-0.118489395042631
1055	ebv-miR-BART2-3p	0.192016274395237	5.17437720204296	2.79363970056006	0.00594394380650497	0.0216987812968885	-3.3568660168425
12819	hsa-miR-643	0.705360873039283	5.17372960846377	3.30948513802718	0.00118915334415906	0.00549871044639321	-1.88056246701305
734	hsa-miR-518c	0.100865619511445	5.17260219670631	2.82473832028067	0.00542501750436782	0.0200988533972394	-3.27410611438933
1947	hcmv-miR-US25-2-3p	0.128904011604535	5.17237429743753	3.39022275695442	0.000908148604928825	0.00435807690011493	-1.63004078501001
389	hsa-miR-218-2*	0.130680288718435	5.17188048910143	3.19477146028616	0.00173003407979042	0.00752402668961213	-2.22761432459316
3298	hsa-miR-523	0.114994439583822	5.17100839121392	3.49935221171715	0.000626146987456375	0.00317222660512537	-1.28331955568525
12524	kshv-miR-K12-9*	0.0974292656397528	5.17045585199404	2.98118298391125	0.00338834573626526	0.013394118750642	-2.84545824394642
897	ebv-miR-BART18-5p	0.115308813455567	5.16999431538688	2.70279469577787	0.00772911722104402	0.027211669630133	-3.59392116462266
853	ebv-miR-BART1-3p	0.123667102471568	5.16865167476344	3.2702008670129	0.0013535194585038	0.00613644131860753	-2.00059419183056
2203	hsa-miR-554	0.132733567987754	5.16857266011709	3.09783640348516	0.00235704800756641	0.00982541449498565	-2.51263025134189
2335	hsa-miR-580	0.21743226777633	5.16741435601162	3.28435994653636	0.0012919779269554	0.00589917033766947	-1.95747294695164
5181	hsa-miR-202*	0.112239342807881	5.16684594185949	3.20467127343769	0.00167559187155749	0.00734174462900185	-2.19807886516969
5576	hsa-miR-570	0.113826570645336	5.16669771474269	3.4711996363265	0.000689742378523646	0.00344680621410183	-1.37364915783777
1369	hsa-miR-450b-5p	0.198349668064367	5.1665168218672	2.75011369764027	0.00674627157064521	0.0242032950324923	-3.47132159509697
10261	hsa-miR-511	0.105598018560904	5.16624203447491	3.37926867459327	0.000942239979119282	0.00449283527959924	-1.66433096441921
1840	kshv-miR-K12-6-5p	0.159480720111715	5.16598399142048	3.29766322049523	0.00123654379307423	0.00570021695087591	-1.9168128238813
10831	hsa-miR-802	0.137693154712228	5.1654402953844	2.99478872625553	0.00324961185244626	0.0129216244345499	-2.80721622050955
7367	hsa-miR-607	0.100528156729448	5.16456377875776	3.00867876869946	0.00311339138426323	0.0124646814836792	-2.76801733150169
10707	hsa-miR-330-5p	0.0877412325712763	5.16364531070402	2.57809504515092	0.0109698037656574	0.0365280077878462	-3.90779949494492
4808	ebv-miR-BHRF1-3	0.0722194991986829	5.1629107840941	2.44568066484046	0.0157014605798745	0.0493296412707894	-4.22631511701392
7361	hsa-miR-509-3-5p	0.15641700029	5.16192564450604	4.05951633280761	8.15149733563167e-05	0.00053401435320477	0.637620278127268
8996	hsa-miR-548a-3p	0.0946958983606683	5.16176753498945	2.53876558291566	0.0122201311616291	0.0399888338791053	-4.00400336286575
8736	hsa-miR-644	0.184234298178718	5.16052776827814	4.2483109748502	3.9113763275713e-05	0.000278032117611196	1.33591540210279
7200	hsa-miR-655	0.108837241963666	5.15896589956658	3.09356156818629	0.00238903321746948	0.0099218614118115	-2.52502380108628
1417	hsa-miR-372	0.11356532912271	5.15847164352102	3.28873357077379	0.00127350240653136	0.00583460959560298	-1.94412091369929
735	hsa-miR-593*	0.11956059770031	5.1581899664438	3.19665684789366	0.00171954063796415	0.00748564827707717	-2.22199546841633
12485	hsa-miR-499-3p	0.109594164665642	5.15696685124053	3.59448770724119	0.000449687528688883	0.00238134411099473	-0.973565149431529
311	ebv-miR-BART19-5p	0.124535231427426	5.15644758026174	3.60835740245368	0.000428273115072571	0.00228684247476846	-0.927829661010595
9453	hsa-miR-646	0.072565578219896	5.15620441751616	2.48571325453222	0.0141085112296005	0.0451687192732582	-4.13163722356916
2941	ebv-miR-BART18-3p	0.0921092429649297	5.15606885766872	2.74637702934893	0.00681954260583491	0.0244182451580933	-3.48107244724338
4726	hsa-miR-651	0.0807549374801395	5.15505279082913	2.44291968409774	0.0158170025810157	0.0496462763541281	-4.23279294284473
637	hsa-miR-220a	0.255946782467008	5.1546760233616	4.69624094192095	6.26484903705784e-06	5.59388245803917e-05	3.08839838994497
2748	hsa-miR-888*	0.166692565715509	5.15430549533413	2.85882769180807	0.00490393747267737	0.0184580091279292	-3.18244974514981
4335	ebv-miR-BART8	0.130106211329008	5.15381029107986	3.5077982333758	0.0006081701982055	0.00309788107518677	-1.25610063307682
9159	hcmv-miR-UL22A*	0.0868797667403278	5.14974153699358	2.57697357027705	0.0110038022207299	0.0366140362715485	-3.91056136312653
844	hsa-miR-589	0.101199172117589	5.14926511459402	2.73593503491434	0.00702814396422309	0.0250717670155318	-3.5082578126233
10128	hsa-miR-579	0.0881880741295227	5.14897729028732	2.62269226821138	0.00969198509051457	0.0328916396917942	-3.79708584269841
1511	hsa-miR-296-3p	0.0941423742754006	5.14556843037657	2.71319357163949	0.00750262884142586	0.0265392675316053	-3.56714250657183
5550	hsa-miR-218-1*	0.0858572428826498	5.14534733514291	2.73563078879637	0.00703430785607814	0.0250871048267658	-3.50904851324069
6621	hsa-miR-597	-0.0736370661685735	5.14430431259584	-2.46199699572892	0.0150338492910298	0.0476437767451947	-4.18789668978737
159	hsa-miR-220b	0.0899084748660144	5.14319914144337	2.6691349210972	0.00850532577965372	0.0295348809525214	-3.67996481065363
12433	kshv-miR-K12-3*	0.104415765688068	5.14297898688731	3.22910461582487	0.00154796870938694	0.00688349866275962	-2.12484666202213
3117	hsa-miR-558	0.127314502901712	5.14287767212518	3.10372896751917	0.00231360798603926	0.00967572906961692	-2.49552218122831
9568	hsa-miR-496	0.119244086467678	5.14103933350384	3.27310745492161	0.00134066745707221	0.00608022288586575	-1.99175524132415
7060	hsa-miR-412	0.0735979523581012	5.13652040130738	2.44760786638822	0.0156212560560783	0.0491350213862995	-4.22178952989645
10841	hsa-miR-653	0.0929495187410456	5.13628677327726	2.7248447942543	0.00725602284611427	0.0258026013259285	-3.53702904661839
9551	hsa-miR-935	0.12924581978811	5.13364766858932	3.28896266121578	0.00127254148616406	0.00583219286029412	-1.9434211152428
4787	hsa-miR-600	0.0808689259585611	5.130972222437	2.63648195610573	0.00932494951261309	0.0318549176546641	-3.76250447066225
10732	hsa-miR-323-5p	0.0809196957050782	5.12943386413784	2.632735185063	0.00942341529998461	0.0321179017924501	-3.77191675026784
1640	ebv-miR-BART6-3p	0.0948324091448383	5.12749211079193	2.78886293557901	0.00602754131697744	0.0219444253141906	-3.36950548816172
8282	hsa-miR-615-5p	0.0845067970163695	5.12724882551924	2.59457688408927	0.0104809107236031	0.0351074314852942	-3.86708362991605
5312	hsa-miR-555	-0.114623388645898	5.12533021730697	-2.49554577424035	0.0137400130808212	0.0441465176732404	-4.1081679324949
2435	hsa-miR-1231	0.0806797987811043	5.11752570454274	2.47046677665057	0.0146973569483338	0.0467204429711268	-4.1678614537856
10253	hsa-miR-208a	-0.145462903089259	5.11425851501559	-2.49055906405871	0.0139258148424287	0.0446581898283415	-4.12008132477988
6535	ebv-miR-BART9*	0.114231507449047	5.10965374210161	2.66829547863739	0.00852555387582781	0.0295898511615009	-3.68209822914593
