SystematicName	logFC	AveExpr	t	P.Value	adj.P.Val	B
10254	hsa-miR-923	1.08679526474547	15.1677435276686	3.73622252979606	0.000271414646738983	0.00124164499855665	-0.677890094516312
8304	hsa-miR-145	-4.3155451417305	14.9307853718346	-17.0730141076385	5.27259230419977e-36	2.217125063916e-33	71.3474931816701
11534	hsa-miR-125b	-2.09410219810467	14.5407068724218	-11.4088130269523	1.02387848796346e-21	6.85438255424693e-20	38.7050709051412
11745	hsa-miR-29c	-0.406655746194303	13.9613892147383	-3.76817324107122	0.000241752317008657	0.00111692231660383	-0.568689579564928
8389	hsa-let-7b	0.50260775503518	13.9564260195961	4.28175658191345	3.42609699547359e-05	0.000194111836509864	1.28781757397519
8883	hsa-miR-29a	-0.537178923938455	13.7974199729368	-5.43113506176562	2.41583352191392e-07	2.22045463598864e-06	6.06707394307702
6864	hsa-miR-141	0.799879667773551	13.7607182634524	3.55179976309134	0.000522109678888787	0.00222819785573343	-1.2932192984999
9607	hsa-miR-26a	-0.861131799012702	13.6643287429662	-7.89301019077615	7.77181899884203e-13	2.20163360944039e-11	18.4664641628123
2867	hsa-miR-23b	-2.30575577472576	13.3924669074608	-12.3428316252736	3.95420709110268e-24	3.02317105783396e-22	44.2179612587754
8945	hsa-miR-29b	-0.73021485293126	13.2088225273457	-4.21305768047298	4.49401728926489e-05	0.000247327184639462	1.0287372403033
13043	hsa-let-7c	-0.334710749027298	13.1804520865214	-2.61148955490564	0.00999969116110327	0.0292258567036936	-4.01039130295907
1606	hsa-miR-23a	-0.88214160330552	13.0700914301541	-5.36349958679964	3.29940874664033e-07	2.94799761585606e-06	5.76433646137168
8611	hsa-miR-22	-0.500178907787587	13.0241594942253	-2.45916662085533	0.0151478154701614	0.0412860046519126	-4.38064677560876
7504	hsa-miR-200c	0.802255131039274	12.7997626459388	3.69974748445023	0.000309485982438514	0.00139512341028229	-0.801623587357539
5471	hsa-miR-143	-4.94932505558684	12.7958915710459	-19.2011848420141	5.13778667558624e-41	1.18425516880997e-37	82.7782847491726
2522	hsa-miR-27b	-2.10272870109361	12.711164877605	-13.7707255974366	8.53027272905095e-28	1.01578185700982e-25	52.5957126171869
8237	hsa-miR-24	-1.12471141253694	12.6849131511552	-8.95840408082246	1.87247793348872e-15	8.1540657194253e-14	24.4201840915537
748	hsa-miR-99a	-2.21975039327178	12.6651085991201	-8.88790102275031	2.8090166627253e-15	1.19614329789973e-13	24.0191523050781
5864	hsa-miR-26b	-1.19997833699705	12.24737975977	-4.50297371813344	1.40162957089936e-05	8.71146767021794e-05	2.14367700378826
1173	hsa-miR-27a	-0.859442216704638	12.0776695493505	-5.21988735600074	6.3455695688625e-07	5.35671167619911e-06	5.12985383798427
8461	hsa-miR-199b-3p	-1.81032052511412	11.9507426593015	-6.59842054629562	7.96873969401003e-10	1.26001599674029e-08	11.6473164815299
6017	hsa-let-7f	-0.759278891124161	11.8167438124548	-2.56743009199915	0.0112969715129723	0.0323912313399863	-4.11957006955796
8802	hsa-miR-195	-1.07462432552565	11.6434023301717	-4.39979598032081	2.13460382204314e-05	0.00012703772237688	1.74044171508004
6926	hsa-miR-100	-2.35125070146071	11.6119225428996	-12.1278740887423	1.41913770278863e-23	1.05502303473612e-21	42.9499580916058
7278	hsa-miR-103	0.348712459273987	11.5116896435793	3.31875700239679	0.00115317788430418	0.00452395382250642	-2.03338863383048
5801	hsa-miR-30d	1.01992750492122	11.4162957325817	5.15501094146852	8.49643748508341e-07	6.94159458404872e-06	4.84701801330905
7358	hsa-miR-199a-5p	-1.20949924236291	11.3960175016245	-6.39914279429511	2.20251309542545e-09	3.22141480565704e-08	10.6510748713529
3167	hsa-miR-497	-0.460578884394844	11.3796922296196	-2.41608626751495	0.0169799000455327	0.0454508722921599	-4.4816687551852
5597	hsa-miR-34a	-0.39875935110228	11.3132597403129	-2.56834964120826	0.0112684214774359	0.0323162573317089	-4.11730868700669
7861	hsa-miR-768-3p	0.697399654753736	11.2759280252075	3.78719370499232	0.000225582259263078	0.00105040489926158	-0.503322138310753
6303	hsa-let-7g	-0.594655973289937	11.2218171309957	-2.42088982664287	0.0167663116641453	0.0449686046945863	-4.47048580911233
13194	hsa-miR-130a	-2.24202058388638	11.2110362755882	-13.2362084923559	1.98607656011941e-26	1.83045521869635e-24	49.4716389585285
5806	hsa-miR-30c	-1.2009575278867	11.1081016947734	-8.15679970746728	1.78611447206419e-13	5.74975031964012e-12	19.9171133423675
12969	hsa-miR-101	-0.960868772356996	11.0977020269903	-7.31698223959208	1.81099648161494e-11	3.91780846569303e-10	15.3648039167134
6098	hsa-miR-92a	0.804339803307858	11.0841199674304	4.32700138777615	2.86078744524178e-05	0.000165001096713131	1.46020125865949
7927	hsa-miR-205	-6.73463050957388	11.0305133794747	-10.1768325549621	1.52656550074325e-18	9.25291233243296e-17	31.4606099930184
7924	hsa-miR-30e	-0.4547906268159	11.0303298801907	-4.67397835230669	6.88156877656683e-06	4.57050293472277e-05	2.82722172824099
11308	hsa-miR-1225-5p	1.86362037179094	10.9783596610893	5.92729105571318	2.29248461971919e-08	2.70593623183697e-07	8.36062081776238
8092	hsa-miR-106b	1.10551490302355	10.9432193543444	7.75350911205299	1.67978767502566e-12	4.40608634603222e-11	17.7065940999761
7928	hsa-miR-638	1.17743707250303	10.9019129960975	3.82015727193345	0.000199961210161653	0.000941125583747882	-0.389403678753694
5309	hsa-miR-365	-1.02924896586275	10.7586452203282	-6.58644101365633	8.47460263487084e-10	1.3290705484245e-08	11.5869711432849
7423	hsa-miR-363	-1.37233219704347	10.7195964999671	-4.25654128304719	3.78617934387458e-05	0.000212544135382463	1.19234980541643
10889	hsa-miR-15b	1.08376702045436	10.6030893166708	6.27186891410532	4.18158714307669e-09	5.80675300281114e-08	10.0235058778156
6861	hsa-miR-451	2.17740392738	10.570275854392	6.0687789006438	1.14702881771794e-08	1.47415661616166e-07	9.03684140329028
7497	hsa-miR-1	-5.18913761817269	10.5656313364936	-17.1871880799851	2.79992644355046e-36	1.5070324089766e-33	71.9749213375691
9369	hsa-miR-494	1.85890299990971	10.533124517457	4.92313917149827	2.36700129372815e-06	1.7490684318632e-05	3.85605230220669
10679	hsa-miR-133b	-4.63528165667101	10.5050740892646	-17.1180708999339	4.10647697888943e-36	1.90263241222741e-33	71.5952825708309
9446	hsa-let-7d	-0.619647343256865	10.4494854408981	-2.47829990410966	0.0143921473696218	0.0396115228074517	-4.33525497396082
3872	hsa-let-7e	-1.48862386519579	10.3668930063485	-5.27459888786737	4.9523788173765e-07	4.27722781557241e-06	5.37021998255231
6936	hsa-miR-940	0.992382992282952	10.2548492326531	3.62987391892884	0.000396947002457814	0.00173701426506418	-1.0358645606875
6574	hsa-miR-25	1.45202044475131	10.2401766385167	10.3642373547599	5.04730404231427e-19	3.23412015206575e-17	32.5573130400458
6495	hsa-miR-151-5p	-0.443835183110714	10.1864113016746	-2.79717538117996	0.00588274797591761	0.0185382334341797	-3.53187317838265
4008	hsa-miR-199b-5p	-1.93638864532777	10.1723245497625	-6.95968077876729	1.21517783917122e-10	2.2710323616511e-09	13.4931302245273
7226	hsa-miR-221	-3.32174495774743	10.1572576084864	-14.1585226722229	8.79878616037732e-29	1.19592390478825e-26	54.8501997638765
9171	hsa-miR-19a	0.591629729624783	10.1394603829746	3.03644372337696	0.00285673884861178	0.0099457381492678	-2.87223021448666
5239	hsa-miR-93	1.50879085957903	10.0785763133963	9.70479083583826	2.44851581489704e-17	1.28199333872586e-15	28.7118968585692
7348	hsa-miR-214	-1.3532071557924	9.94226837448708	-7.05640934022379	7.28789131703526e-11	1.42330719248224e-09	13.9955139601964
4153	hsa-miR-193a-3p	-0.65918976795021	9.92866093401211	-4.11120063454289	6.68234043087206e-05	0.000352479705361876	0.65059784288106
10613	kshv-miR-K12-3	1.66799962200868	9.89655083831	6.11951686335564	8.92902404356764e-09	1.17104237358914e-07	9.28159888470224
9881	hsa-miR-222	-2.9322169209304	9.80523293492831	-9.88243564835275	8.63752718747694e-18	4.63054047150158e-16	29.7437542019332
8517	hsa-miR-193b	-0.500223193428633	9.67570203295741	-2.52207168955817	0.0127883797920272	0.0359174365438359	-4.2302011260848
8294	hsa-miR-886-3p	-2.07034606057012	9.6134938524568	-7.42040888591159	1.03606035855721e-11	2.36271936485483e-10	15.9144417857733
4450	hsa-miR-28-5p	-1.30530114319079	9.39930464905852	-7.07001916219273	6.78035749730775e-11	1.33777845284125e-09	14.0664636679954
10377	hsa-miR-96	1.39766944148655	9.29463234267548	5.14520010310343	8.87813776359496e-07	7.22274617575174e-06	4.8044551975506
1742	hsa-miR-125a-5p	-1.14231928079789	9.27759831239534	-5.12949925026734	9.52396872267077e-07	7.68773384116724e-06	4.73645424093921
7645	hsa-miR-145*	-3.32248731027059	9.19547241534005	-17.1876008487739	2.79353470332357e-36	1.5070324089766e-33	71.9771868305581
7716	hsa-miR-181a	0.882402749900407	9.18575215884713	4.42924504644196	1.89437214860249e-05	0.000114205518062702	1.85481717714734
10466	hsa-miR-148b	0.526369310155154	9.16328094406348	3.95020659158963	0.000123386023642273	0.000612650307797207	0.0677861469704126
11546	hsa-miR-374a	-1.25524809236121	9.11195636734252	-4.93162252253639	2.28111233903858e-06	1.69303075753464e-05	3.89174865909734
4810	hsa-miR-29c*	-0.474621921372492	9.0738305974996	-2.74817626580555	0.00678417224951028	0.0209944103899014	-3.66101296883197
8385	hsa-miR-99b	-0.836278950245855	9.02876877337335	-5.03680041917619	1.4377580210726e-06	1.12283644408317e-05	4.33787630514304
12537	hsa-miR-196b	-0.732294323427849	9.00038123389946	-3.40334747331428	0.000868823580475108	0.00352935562170241	-1.76962469193166
8173	hsa-miR-374b	-1.28505420536572	8.8497958264386	-6.11531168719689	9.11669048456585e-09	1.1898563255123e-07	9.26126864810269
6218	hcmv-miR-UL70-3p	1.61477397610527	8.74957803571898	2.81841257944538	0.00552709630761382	0.0175489872381434	-3.47526788804015
3445	hsa-miR-801	1.98078453750931	8.63741626038265	5.95089898341432	2.04360079920154e-08	2.45743452672529e-07	8.47279651821674
877	hsa-miR-424	-0.667629876351513	8.58157271496693	-2.42782232828183	0.0164622638846774	0.0442855303543022	-4.45431058247013
11305	hsa-miR-575	2.26149444580998	8.5661231376395	8.01283597515938	3.9932019496555e-13	1.19140854622094e-11	19.1232558771058
13125	hsa-miR-188-5p	1.39843545008062	8.56019817427944	4.93710240646478	2.2272478623612e-06	1.65762429402281e-05	3.91482992292399
8162	hsa-miR-483-5p	1.71624839671273	8.53682997800292	5.44258248599865	2.29116183932733e-07	2.11743638118053e-06	6.11855717341242
9537	hsa-miR-324-5p	-0.396735941636637	8.52482266364459	-2.8182553568086	0.00552965558605539	0.0175529713531402	-3.47568835047239
11184	hsa-miR-151-3p	0.477683138511791	8.50487246741946	3.20356922651098	0.0016815726109645	0.00627314695124432	-2.38342128364087
10878	hsa-miR-939	1.52848764482981	8.43291214912936	7.51155883046727	6.31700004861062e-12	1.48344769029851e-10	16.4015898060176
13498	hsv1-miR-LAT	2.51327243147327	8.42862480438523	10.2693289309649	8.84329507788258e-19	5.56740989608459e-17	32.001569813757
3797	hsa-miR-425	1.04380641952862	8.35205991054639	6.20680492775511	5.78842772885469e-09	7.85964515837223e-08	9.70540093554068
11103	hsa-miR-630	1.5958092663669	8.34538095468763	4.61623967349496	8.76699001569458e-06	5.68249603329414e-05	2.5943316996371
11552	hsa-miR-376a	-1.24947941851242	8.32992105696229	-7.03740967782776	8.0597577035896e-11	1.56046186560434e-09	13.8965742803281
3223	hsa-miR-338-3p	-1.20444489015828	8.32244284636455	-4.49349735968145	1.45723619352816e-05	9.02788684167356e-05	2.1063501165081
13049	hsa-miR-134	1.07159499179044	8.32187679469622	3.45739092462941	0.000723108566144315	0.00298837495885685	-1.59817067308862
2529	hsa-miR-361-5p	-0.294958947731509	8.3167755113567	-2.48951030149594	0.0139651752518368	0.038651494982243	-4.30850981273574
8590	hsa-miR-152	-1.36005736180682	8.28549905996179	-8.45209941868075	3.38051981383764e-14	1.22280308104837e-12	21.5606205654436
8009	hsa-miR-143*	-3.08651105585652	8.25286622497865	-14.5831985849076	7.41134059810195e-30	1.18636457701092e-27	57.3056170411323
5381	hsa-miR-423-5p	0.378645946893853	8.24286506028235	2.8158978474831	0.00556816109400528	0.0176668652867095	-3.4819905575839
4935	hsa-miR-98	-0.618082714857954	8.22303376509919	-2.37895290325808	0.0187140798404967	0.049385498790689	-4.56742728480993
7433	hsa-miR-572	1.19218290496061	8.2095809626795	4.6406877628138	7.91455506648663e-06	5.18744534703576e-05	2.69268506959252
9730	hsa-miR-376c	-1.31320699405021	8.19755365503493	-7.52293179118685	5.93783313904198e-12	1.40420883513091e-10	16.4625490531494
8867	hsa-miR-135a	-1.82841578707336	8.18914034597718	-6.10906118414576	9.40281609495127e-09	1.22127696306626e-07	9.23106499371609
5375	hsa-miR-455-3p	-1.29509068016893	8.17989399077894	-5.11729070230663	1.00575216707561e-06	8.0700066548416e-06	4.68367648735129
7568	hsa-miR-663	2.43203154224009	8.15249474453612	9.00167180523714	1.45932004041435e-15	6.48072952601169e-14	24.6667146895419
10528	hsa-miR-874	0.561123028846874	8.11778994004493	2.53553103837887	0.012328433700129	0.0348731141200201	-4.19756071564472
5664	hsa-miR-136	-0.963750001272661	8.04756783855819	-5.25759534363248	5.34989418831469e-07	4.57648926878337e-06	5.29533822951105
12914	hsa-miR-378	-0.811193284732783	7.99875584294187	-4.97896491918833	1.85458246806918e-06	1.41069879538377e-05	4.09174653964975
7087	hsa-miR-1224-5p	1.22588533173741	7.9965388142547	5.59253838689981	1.13761926136054e-07	1.15356479132385e-06	6.7993833665264
5103	hsa-miR-210	1.38306434998143	7.93617124820019	5.57994754367847	1.2070134963835e-07	1.21115388570741e-06	6.74176521537291
11116	hsa-miR-30e*	-0.671567667376814	7.91028582741715	-4.22800572904544	4.2374662978604e-05	0.000235519812077693	1.08483492447272
11543	ebv-miR-BART13	0.729392527329817	7.90417933968236	3.10801944837576	0.00228244609084036	0.00819877058151306	-2.66567312660733
398	hsa-miR-150*	1.78681080358202	7.8995635881175	7.53604093677619	5.52868002485313e-12	1.31438018400042e-10	16.5328623171457
5670	hsa-miR-765	0.932962255304057	7.86802942422498	3.71208999018223	0.000296070500222822	0.00134184056955146	-0.759865715262696
7870	hsa-miR-17*	0.657932313201371	7.86582833067001	3.66396073766629	0.000351710496961303	0.00156076547264903	-0.922053104297444
1389	hsa-miR-1234	0.575281817679109	7.85885516917437	2.65489286388203	0.00885445969493735	0.0263421644163336	-3.90119315614263
10185	hsa-miR-185	0.672227205314861	7.83690563407173	5.13140737162732	9.44310581702055e-07	7.62703672712056e-06	4.74471082843757
6155	hsa-miR-218	-1.27351564817809	7.78408590501833	-6.03589304504552	1.34838822145869e-08	1.71168980263662e-07	8.87883372387613
5530	hsa-miR-377	-1.08421084992131	7.7784000523027	-6.3113816671413	3.42933028194019e-09	4.84717103716253e-08	10.2175919295438
7574	hsa-miR-133a	-3.06603398767806	7.76485670060903	-15.8692115739807	4.56413971366664e-33	9.5961037479841e-31	64.6403960663584
8592	hsa-miR-582-5p	-0.918502134405456	7.6654000028524	-3.47770177394424	0.000674537063396647	0.00280227561749468	-1.53314605025028
8177	hsa-miR-204	-2.10960449252622	7.65744984535539	-7.42728287915333	9.98198639217329e-12	2.28043478596067e-10	15.9510908341269
11303	hsa-miR-135a*	2.02638200539717	7.65124509894785	6.64235939562225	6.35549273620698e-10	1.02418575159762e-08	11.8691412968334
10105	hsa-miR-125b-2*	-0.845942866653779	7.63815615911176	-5.08247802821035	1.17436232742237e-06	9.30089433654821e-06	4.53365319794845
8155	hsa-miR-301a	-0.45666037238651	7.62275419161041	-2.49325648413391	0.0138250341104669	0.0383714800772361	-4.29954775825605
8656	hsa-miR-181b	0.486839149384266	7.62185109451908	4.17106692142445	5.29681510652782e-05	0.000285482880251485	0.871976374480163
12196	hsa-miR-127-3p	-0.528824540725412	7.582082016002	-3.25866233193394	0.00140568074699415	0.00537048271764716	-2.21732784719323
10746	hsa-miR-513a-5p	0.843059711062113	7.55594130116051	3.04508744209668	0.00278091479187822	0.00971695389236909	-2.84750897549577
5946	hsa-miR-130b	1.34553471522698	7.5522118139747	7.52450374275059	5.88723034778903e-12	1.39469316126495e-10	16.470977787902
4799	hsa-miR-181c	-0.732706846532595	7.52757729688173	-4.81404833708968	3.79348947779517e-06	2.66276444513363e-05	3.40089572418122
6172	hsa-miR-183	1.65949042595112	7.47120883984715	6.2883124657154	3.85061827066149e-09	5.40291130865703e-08	10.1041939803083
5603	hsa-miR-34b*	-0.54803842599886	7.44401465752252	-3.02590292534278	0.00295178494177099	0.0102342742016157	-2.90229384940934
13286	hsa-miR-125a-3p	2.10787990258529	7.4287737298936	7.86650725588322	9.00079993493465e-13	2.5075520481259e-11	18.3216996135701
10571	hsa-miR-557	0.647405739153178	7.40566182636263	3.54891191131828	0.000527386298551725	0.00224929002640634	-1.30264919606473
8061	hsa-miR-132	-0.435239425657471	7.39827135238231	-2.44353797554801	0.0157910627370013	0.0427706401346799	-4.41748483792657
5951	hsa-miR-505	-0.454278392352211	7.38698006451728	-3.73616460125416	0.00027147143175934	0.00124164499855665	-0.678087391803113
12528	hsa-miR-202	0.854413062739049	7.34548070245743	4.36233953356022	2.48273797633883e-05	0.00014518784098051	1.5958007946876
4391	hsa-miR-32	0.985307849686004	7.30574368371203	4.22431125026596	4.29953511834367e-05	0.000238378840347888	1.07095584288179
12944	hsa-miR-671-5p	1.9109715863288	7.23729270517311	8.00572270689056	4.15461976251157e-13	1.23409632504096e-11	19.0841640713203
9182	hsa-miR-31	-2.04302998409904	7.21931878571248	-8.37294438756865	5.29107510180672e-14	1.84926510571198e-12	21.1181752251336
13388	hsa-miR-1226*	0.531737077957453	7.21297129231679	3.12041508828533	0.00219458605802543	0.00792761073739334	-2.6294752888017
11192	hsa-miR-623	0.864176619095751	7.19387594282904	5.2291639022919	6.08506486124936e-07	5.159460162128e-06	5.1704906000284
689	hsa-miR-484	0.407492395982982	7.18567186482313	3.066755302107	0.00259893284161979	0.00914998438431079	-2.7852683265548
6849	hsa-miR-24-1*	-1.51720046055223	7.15427592910671	-9.32041398108128	2.30599043692931e-16	1.09644548831522e-14	26.4919688866049
10817	hsa-miR-139-5p	-0.909749077819404	7.15393996843801	-6.06689445987939	1.15772341281835e-08	1.48506446547986e-07	9.02777368417867
11189	hsa-miR-182	1.16336499562351	7.1246379481946	6.00121539309346	1.59830555228342e-08	1.98219350336643e-07	8.71276096012581
11614	hsa-miR-424*	1.11662822902117	7.11792319521963	2.94482231305437	0.00378628277217503	0.0126926310369674	-3.13047255945487
11531	hsa-miR-371-5p	1.47984144713566	7.1067626347019	7.47749893010534	7.60193912969975e-12	1.76669590551364e-10	16.2192613657068
13684	hsa-miR-33a	0.413699389719029	7.09945700216035	2.44783655784302	0.015611762805535	0.042387385050702	-4.40737418784961
11542	hsa-miR-362-5p	0.33096729299147	7.09235421931688	2.82779778778673	0.00537626654043161	0.0171521926191672	-3.45013102487321
5179	hsa-miR-144	1.9927466884356	7.07415452625563	7.22331267829899	2.99471766470477e-11	6.29282374778942e-10	14.8699744326451
12112	hsv1-miR-H1	1.04408515021287	7.07017748782954	4.62106239863975	8.59210328813917e-06	5.58528221474399e-05	2.61370310908674
6618	hiv1-miR-H1	0.974427616761955	7.06274656567007	4.26533134612751	3.65671615704984e-05	0.000206136458354682	1.2255807183481
5685	hsa-miR-181c*	-0.598862873662216	7.04580880438268	-2.49442808973195	0.0137814638359566	0.0382673085795774	-4.29674237718849
9455	ebv-miR-BART4	-0.836337063737369	7.00925336652725	-2.76636637031429	0.00643582758789456	0.020064989810637	-3.61331048325777
11549	hsa-miR-22*	-0.908950551856415	6.98406143665589	-6.16620650391806	7.08416504760003e-09	9.46618916390328e-08	9.50786131703498
832	hsa-miR-7	1.06498124783335	6.96419979109007	4.36867357529819	2.42025972153495e-05	0.000142089942464984	1.62019433589049
8655	hsa-miR-381	-0.688743142821193	6.95310838353703	-5.73540414553459	5.77943123942235e-08	6.25647841976405e-07	7.45885610456631
10892	ebv-miR-BART3*	-0.742970283134768	6.90370107042678	-3.12771721081429	0.00214430606354446	0.00775639311587479	-2.60809296800471
8604	hsa-miR-192	0.862696474782554	6.89413539778624	4.75150419126411	4.95613846122794e-06	3.41124292246973e-05	3.14322960890695
9662	hsa-miR-30b*	0.47679674198383	6.86797733120145	3.88988272549823	0.00015457551697086	0.000748728637998521	-0.14581288262952
5175	hsa-miR-654-3p	-0.386551668213371	6.85896758028445	-2.94948070864608	0.0037330062087563	0.0125327673515531	-3.11751061814512
9194	hsa-miR-885-3p	-0.765878083761494	6.85480636922766	-2.48125096162791	0.0142786359340816	0.0393512400399939	-4.32822521212371
13244	hsa-miR-485-3p	-0.709407251991371	6.84498213760021	-2.40941650829448	0.0172804694190269	0.046154425665428	-4.49716244689175
13537	hsa-miR-200b*	0.594446842343085	6.82105848471511	2.91530952054033	0.00414036053069732	0.013725021759116	-3.21217096627326
8029	hsa-miR-769-5p	0.855394992164464	6.80214518321011	6.11502525812983	9.12961312612996e-09	1.1903883161357e-07	9.25988417801268
6091	hsa-miR-194	0.916063601733612	6.76854513754489	4.99107144862009	1.75860954451245e-06	1.34505722585697e-05	4.14310465250514
13014	hsa-miR-139-3p	0.622397133167281	6.76169594710542	4.30529273549754	3.11982951270333e-05	0.000178109571162223	1.37731790434245
12401	ebv-miR-BART10	-0.676210516165425	6.75616615991917	-2.38957847078274	0.0182025218096835	0.0482436741128818	-4.54301274079408
12190	hsa-miR-153	0.610388489772215	6.7516037728098	2.38370271233226	0.0184838539951672	0.0488777601364716	-4.556525961168
13530	hsa-miR-601	1.01227032492416	6.74867349892931	5.66542484905197	8.06267978517332e-08	8.43634674877856e-07	7.13453134788072
7541	hsa-miR-487b	-0.525535872278195	6.74539981242802	-2.90982773784891	0.00420938070355118	0.013913393944236	-3.22726569221902
1964	hsa-miR-224	-1.17948249245526	6.72905798072143	-5.44521444023571	2.26339858474033e-07	2.09754072701556e-06	6.13040396974138
3358	hsa-miR-518c*	1.31704643936814	6.71199386390211	5.80229845718737	4.19495953513348e-08	4.67279598549306e-07	7.77117473507024
11893	hsa-miR-155	0.375218947228278	6.68009623527445	2.90742703682071	0.00423993836111967	0.013998993904999	-3.23386838310254
7375	hsa-miR-1228	0.782254682688993	6.67020689804829	5.58117793439704	1.2000537328063e-07	1.20506888273444e-06	6.74739209732974
409	hsa-miR-629*	0.95708115114469	6.63143419107679	5.21060707389756	6.61703682990558e-07	5.56492797395059e-06	5.08924924280802
9239	hsa-let-7d*	-0.909448629668321	6.61426486102823	-2.6879785771119	0.00806251632289626	0.0242813830888299	-3.81686107092279
4150	hsa-miR-29a*	-0.604286618171635	6.60290929042534	-5.61113334949037	1.04221606361103e-07	1.06565800546733e-06	6.88462760136093
2235	hsa-miR-455-5p	-0.830522236363255	6.58854092453072	-5.26633043311851	5.14194747195997e-07	4.42674633286586e-06	5.33378646269817
8202	hcmv-miR-US4	1.1796556400804	6.56705761351851	8.3767822015057	5.17754041195078e-14	1.81429645268775e-12	21.1395958769232
107	hsa-miR-622	1.2024320337919	6.56403300645528	6.6824384480985	5.16733257129923e-10	8.43830425720904e-09	12.0721434819289
7946	hsa-miR-30c-2*	0.555909582606754	6.53861790347182	5.41553801196069	2.59641058207149e-07	2.37507143387859e-06	5.99704175107992
4943	hsa-miR-18a	0.632295670000218	6.52509913450372	4.2228985737123	4.3234983029041e-05	0.000239411494501554	1.06565130505701
1437	hsa-miR-615-3p	0.739056062460842	6.49986000783432	2.97153522075918	0.00349000180609908	0.0118171777309686	-3.05589898316713
6702	hsa-miR-136*	-0.61620268794816	6.4507195430124	-4.40752525875471	2.06885765215709e-05	0.000123947233158619	1.77040528732929
6771	hsa-miR-647	-0.761741983410987	6.44284763646961	-2.7003417904278	0.00778343644390848	0.0235834093198002	-3.78510688086175
12487	hsa-miR-539	-0.52027569770869	6.44181919525227	-2.6873820294682	0.00807620865482816	0.0243062991857231	-3.81838994817421
13170	hsa-miR-513b	1.16886178137651	6.43829452292388	5.18907919494762	7.29105036088889e-07	6.0710627262451e-06	4.99524443275146
5363	hsa-miR-23a*	0.310526052425374	6.41259680312102	2.80518322083624	0.00574626437723345	0.0181634328071537	-3.51057410256459
11322	hsa-miR-193b*	0.708720608552135	6.39965511560242	4.46555241928693	1.63387293588555e-05	9.99790551399543e-05	1.99661861322586
11815	hsa-miR-30c-1*	0.557783889230694	6.38384530824135	5.62417045103414	9.80041963630809e-08	1.01130710602885e-06	6.94449947448432
11332	hsa-miR-99a*	-0.617120172739025	6.37675606387057	-4.34299486819247	2.68329814051147e-05	0.000155698403530497	1.52146748148825
7646	hsa-miR-501-3p	1.02854454048479	6.35300993427544	5.02271561015589	1.52997633687061e-06	1.18898201751603e-05	4.27775420580675
10849	hsa-miR-760	0.747982914210702	6.34614106788245	5.85186102293323	3.30402044782698e-08	3.74671730297217e-07	8.00399709679127
2723	hsa-miR-16-2*	0.294864004525145	6.34600331968501	3.16348574869049	0.00191308087076774	0.00702576861273217	-2.50272812189014
3728	hsa-miR-452	-0.701979661556766	6.34092023107374	-5.56922599043033	1.26935473557086e-07	1.26147986128814e-06	6.69276619225369
13255	hsa-miR-887	0.289807866334336	6.34039828434322	2.6176003222142	0.00983077278229735	0.0288386480398067	-3.9951158428082
1297	hsa-miR-221*	-1.01141721989073	6.32917720670073	-6.43038446620693	1.87993407688792e-09	2.77372729589954e-08	10.8061764136073
9180	hsa-miR-337-5p	-0.4310955741183	6.3250486931466	-3.19294457851682	0.00174025864632974	0.00646162261175854	-2.41517149919842
8452	hsa-miR-214*	-0.37177325882103	6.31819445330472	-2.97776685994695	0.00342402480910104	0.0116377059437392	-3.03841698188536
8431	hsa-let-7f-1*	-0.542909695341496	6.31683770564249	-2.44392386865329	0.0157748921240133	0.0427354436119836	-4.41657784904321
852	hsa-miR-1225-3p	0.356653593941461	6.31512472719316	2.5226974032202	0.0127666617260062	0.0358857707113572	-4.22868721393649
8025	hsa-miR-345	1.61137896928982	6.31305364849406	6.15492588044995	7.49222780169224e-09	9.99161717537867e-08	9.45310423847007
7500	hsa-miR-141*	0.533900597434566	6.31160621027109	3.32821511071516	0.00111752924530072	0.00440207070397147	-2.00417756583295
811	hsa-miR-7-1*	0.433728432679655	6.30457103192047	2.73550877754867	0.00703678112810837	0.0216873400961581	-3.6940659567484
4507	hsa-miR-545	-0.414526550553294	6.30147764855546	-4.795154519773	4.11354299270159e-06	2.87094577332949e-05	3.3228033954079
10617	hsa-miR-148a*	0.332217134430148	6.29522420304369	2.57011860536616	0.0112136809768904	0.0321798445777431	-4.11295632715323
2062	hsa-miR-610	0.400063608912609	6.29191023125492	2.50909530926851	0.0132462919482997	0.0370027204601041	-4.26152015150039
12400	ebv-miR-BART19-3p	1.23263711658964	6.27130463386898	3.32051138239217	0.00114648620423792	0.00450163944097621	-2.0279756430406
6227	hsa-miR-200a*	0.500652051186334	6.26856343902637	3.59372020985702	0.000450901535403208	0.00195153781292556	-1.1556149951576
3217	hsa-miR-370	0.999348973946576	6.26816078010075	3.99993751964052	0.000102278949121852	0.000520327236061866	0.245848009823498
12999	hsa-miR-500	0.42649759984523	6.26639392788028	2.90105964687294	0.00432197413363274	0.0142226666525219	-3.25135735370924
885	hsa-miR-342-5p	0.338937707273193	6.2652077006601	2.64175560279379	0.00918792909345638	0.0271899656656145	-3.93441697556964
12833	hsa-miR-1229	0.456900434636947	6.2525914971192	2.5735714500684	0.0111075200787925	0.0319092207899727	-4.10445309757656
9107	hsa-miR-30d*	0.612111851006321	6.2469087422075	5.14788700239532	8.77197306846632e-07	7.1406938662603e-06	4.81610641971007
5036	hsa-let-7a*	0.603858364875123	6.23866664120769	3.9364155927691	0.000129937599749962	0.000641158908043816	0.018722075114769
4566	hsa-miR-326	-0.291248315515758	6.2382555263089	-3.21211652386944	0.00163570228731396	0.0061258029440848	-2.35781290400168
1561	hsa-miR-877	0.895849210844692	6.23763761794878	5.62220384240122	9.89182793081156e-08	1.01917639078867e-06	6.93546237637563
10606	hsa-miR-154	-0.389842044577647	6.23658240617153	-3.63279518412067	0.000392864644169917	0.00172255122958454	-1.02614525973978
8528	hsa-miR-495	-0.547808583385239	6.23415979183418	-3.87496659612607	0.000163372351181193	0.000783928893671146	-0.198222004200168
1013	hsa-miR-501-5p	0.30263265732488	6.22894503625174	2.52310626193183	0.0127524883654993	0.0358615430399495	-4.2276977965105
13546	hsa-miR-378*	-0.336430905166941	6.22296708582734	-2.74648711887572	0.00681737360564396	0.0210754476326181	-3.665428338672
13273	hsa-miR-629	0.4590802578974	6.20669721333003	4.34579642161332	2.65331718950016e-05	0.000154091653439422	1.53221710291291
12585	hsa-miR-215	0.573955088047844	6.19233205408478	4.79622722148552	4.09469197974837e-06	2.86224287166203e-05	3.32723122599156
10258	hsa-miR-19b-1*	0.48177473150808	6.17758362881807	4.72861218821838	5.46251967114697e-06	3.71719334120237e-05	3.04952670995411
5233	hsa-miR-299-5p	-0.29711261068555	6.17235687860846	-2.9609238750066	0.00360504527665661	0.0121669147837199	-3.08559340770348
10802	hsa-miR-23b*	-0.396022067572573	6.1720951701337	-3.59179817625275	0.000453955335289163	0.00196286085849967	-1.16195343939803
9526	hsa-miR-198	1.13526704324855	6.17086373645287	6.97654906990972	1.11177571838501e-10	2.09818430106433e-09	13.5805010188896
8096	hsa-miR-520d-3p	-0.534884659904388	6.16747919790403	-2.43863158965413	0.0159979502796663	0.0432439572043369	-4.42900516499764
10484	hsa-miR-33b*	0.60464115275516	6.15688524216393	4.75713357879355	4.83875373743751e-06	3.33385920588628e-05	3.16632211924717
9964	hsa-miR-513c	0.763466040032766	6.15657918178966	3.88692794775214	0.000156281508361081	0.000755903657982281	-0.156207612665237
8016	hsa-miR-34a*	-0.320731659155354	6.15623453030794	-2.71294890114078	0.00750788793669153	0.0228721168386057	-3.75259118032883
623	hsa-miR-933	0.530986676392524	6.14980628448903	3.2194630564917	0.00159720891332933	0.00600651929568002	-2.33575512127241
5520	hsa-miR-486-5p	1.78838677080809	6.14392517714627	9.45838893823766	1.03307803319691e-16	5.09197729476105e-15	27.2866530254577
11028	hsa-miR-551b	-0.510872487417046	6.13670223015687	-2.68755504252453	0.0080722353870614	0.0242997761450331	-3.81794656876424
9600	hsa-miR-101*	-0.215966498503668	6.12812576440499	-2.76476528878067	0.0064658227542898	0.0201491688239286	-3.61752054414574
9629	hsa-miR-106a	0.262160250119139	6.12543362146468	2.45391490191331	0.0153613168213775	0.0418001777853297	-4.39304955752799
4970	hsa-miR-122	-0.565690877798677	6.12404176710261	-2.631054277556	0.00946789367099535	0.0279141054419179	-3.96137019072857
12809	hsa-miR-665	0.775722023023046	6.1193817946668	5.66986437984777	7.89471318188086e-08	8.28636977967152e-07	7.15503311616611
3717	hsa-miR-502-5p	-0.44596575402287	6.11662146427216	-4.92347102251351	2.36358329345508e-06	1.74845391955644e-05	3.85744785770436
11342	hsa-miR-564	0.763139688933991	6.10730041886506	5.66417944585361	8.11042362262438e-08	8.47970942238024e-07	7.12878187278121
7704	hsa-miR-149*	0.778732080494204	6.10443971836031	5.83245467889139	3.62826862749769e-08	4.082105572877e-07	7.91269181111389
11193	hsa-miR-29b-2*	-0.302559959467896	6.10370751515226	-2.65088330167153	0.00895505886688202	0.0265964521726775	-3.91134903829382
1825	hsa-miR-498	0.456842496932974	6.08446860137583	3.7326239074139	0.000274963678161781	0.00125633658857213	-0.690141798568702
10920	hsa-miR-187*	0.530397335681858	6.07744134759707	3.9163603623185	0.000140059078921544	0.0006858205844135	-0.0523832197196956
67	kshv-miR-K12-8	0.410155034608698	6.07334380386913	2.59435313860621	0.0104874142348737	0.0304297870113241	-4.05305552642014
7020	hsa-miR-423-3p	0.201552562300942	6.0702481509646	2.6508560353353	0.00895574649185508	0.0265964521726775	-3.91141805413073
8185	hsa-miR-383	-0.397424453598511	6.06394303927963	-2.7122589709452	0.00752273571175431	0.0228966142812409	-3.75437414225624
85	hsa-miR-512-3p	0.674592910487175	6.0618490342117	6.11929834915773	8.93868160469377e-09	1.17116747490516e-07	9.28054226357783
6302	hsa-miR-31*	-1.23396703039048	6.05724623002473	-6.52614342251973	1.15425212022025e-09	1.77301558558032e-08	11.2841060624802
5832	hsa-miR-659	0.78674336293644	6.03827787231416	5.53754700008131	1.47252204489336e-07	1.43789961074638e-06	6.5483389412221
11459	hsa-miR-296-5p	0.617385479861317	6.03141073192429	6.62227714595831	7.04837444208076e-10	1.12197903776638e-08	11.7676613277869
11862	hsa-miR-636	0.327900151450941	6.02678101871661	3.38973664258857	0.000909636666304629	0.00367901141622936	-1.81244528272418
13357	kshv-miR-K12-10a	1.0622246791988	6.02169515101378	8.12080865632738	2.18502658078979e-13	6.8856481665357e-12	19.7181750624779
11023	hsa-miR-1238	0.314735665957611	6.02137558756591	3.79462399068677	0.000219548638710186	0.00102364742982823	-0.47771386097252
3011	hsa-miR-625	0.309304218301395	6.00706265973507	2.40661922476677	0.0174079251521301	0.0464495959457093	-4.50364874328667
5614	hsa-miR-196a	0.725397409770522	6.00637207590496	5.51131456063008	1.66453171442785e-07	1.60443687316198e-06	6.42914123116868
2172	hsa-miR-769-3p	0.712277151816134	6.00007192469039	4.38298858953891	2.28457874769956e-05	0.000134830226443181	1.67542287833043
2198	hsa-miR-936	0.92926425963116	5.99873747225464	7.86433785593406	9.10954492870573e-13	2.5273821971271e-11	18.3098581293228
2101	hsa-miR-27b*	-0.421616611591314	5.97558279506121	-2.67416853300777	0.00838493778780832	0.0251286687912581	-3.85217604071581
5125	hsa-miR-10b*	0.589876293401843	5.9720780345077	4.63780672788856	8.01068365085603e-06	5.24789480067764e-05	2.68107504106238
11093	hsa-miR-379	-0.310740563479101	5.97161940543929	-3.0246904720828	0.00296290265906887	0.0102648862462489	-2.90574603831945
6358	hiv1-miR-N367	-0.430272772367611	5.96948470158157	-2.40085021928861	0.0176734186655513	0.0470638277387013	-4.51700392634199
423	hsa-miR-516a-5p	0.998712033631199	5.96062109384597	4.52269024304806	1.29241492414167e-05	8.08871405546523e-05	2.22152703893514
11684	hsa-miR-185*	-0.554753390767221	5.95092299642698	-2.68191251009537	0.00820273271839035	0.0246484974226576	-3.83239338458038
9735	hsa-miR-95	0.3811908456283	5.9365709836683	2.83567423205947	0.00525259374573361	0.0168203002005215	-3.4289776839981
10227	hsa-miR-526b	0.682124334999101	5.93191771914617	5.16525458107958	8.1149527802145e-07	6.67686097775466e-06	4.89151718710814
799	hsa-miR-200c*	0.566051907421683	5.92301627543881	3.80180546670408	0.000213862826446569	0.00100095241484001	-0.452924359773489
3547	hsa-miR-648	0.550315541700736	5.91801132267924	4.89413972284538	2.68495535594061e-06	1.95185085194689e-05	3.73435482227676
6978	hsa-miR-548c-3p	0.65303436623334	5.91755553791687	5.10409607773956	1.06668624605685e-06	8.51829681124094e-06	4.62673250419813
8319	hsa-miR-550	0.949748356129607	5.91294718645609	7.54398707897608	5.29439719502771e-12	1.26538914131959e-10	16.5755078337006
13613	hsa-miR-542-5p	0.291550203511965	5.90917159812757	2.89689164842053	0.00437645852932834	0.0143773500904888	-3.26278697768377
10237	hsa-miR-135b	-0.74328077787335	5.89620356714156	-4.322948724964	2.90752279536239e-05	0.000167266467440771	1.44470408788815
11274	hsa-miR-505*	0.225938088013356	5.87606398899574	2.58435888374615	0.0107816395445544	0.0311526179324724	-4.07782032971461
9	ebv-miR-BART7	0.759042927448305	5.87365177427988	5.81179797456539	4.00767880988861e-08	4.47529676895114e-07	7.81570591031449
13674	hsa-miR-425*	0.240332970266874	5.86593681819898	3.06133168567079	0.00264342191934026	0.00929445658391497	-2.80088378229805
3424	hsa-miR-584	0.547363994537388	5.86228262699608	3.92004443757766	0.000138145215031045	0.000677754659957904	-0.0393432287628439
1624	hsa-miR-491-5p	0.233220180583716	5.84794228389321	2.92172318504075	0.00406092552179279	0.0135040160799643	-3.19447828938844
11076	hsa-miR-602	0.711981796249789	5.84058081979152	8.4380348120039	3.66095162169562e-14	1.31364706724097e-12	21.4819069491023
5799	hsa-miR-337-3p	-0.32067957474044	5.82933425121918	-3.3589933130504	0.00100852391852668	0.00403769647357779	-1.90863015516651
5863	hsa-miR-300	-0.422563568767644	5.82474093527678	-2.48109565153115	0.0142845899254533	0.0393512400399939	-4.32859536970212
13354	hsa-let-7e*	-0.239374029061945	5.82156604715897	-2.51053788442392	0.0131946721670671	0.0368814932862599	-4.25804572563174
6399	hsa-miR-490-5p	0.314882157196499	5.80016835269862	3.33000187613485	0.0011109114630488	0.00438113266318424	-1.9986512382796
7715	hsa-miR-449a	0.643177226161194	5.79517556141609	2.87961880621169	0.00460902321004773	0.0150239865102719	-3.30999781991948
13297	hsa-miR-92b	-0.189707064430363	5.78905055652147	-2.38505423489066	0.0184188044693803	0.0487496917663221	-4.55342040927834
5343	hsa-miR-330-3p	0.289679750597088	5.78390559969753	3.68053069526388	0.000331524071372548	0.00148128096251835	-0.866411572872662
12045	hsa-miR-499-5p	-0.451681955433692	5.78213137448056	-4.19587913139661	4.80724099521453e-05	0.00026220605930931	0.964458732570439
82	hsa-miR-662	0.634341219998165	5.76071418567005	4.90452387422155	2.56661012189997e-06	1.87548457616182e-05	3.77787415441447
10109	hsa-miR-627	0.287873343306554	5.7598189251471	3.28815022760992	0.00127595229847517	0.00493793906479202	-2.12742997232083
8840	hcmv-miR-UL36	0.380487290854513	5.75468902828912	3.72062933952295	0.00028711304206029	0.00130608285799975	-0.730908190484993
12643	hsa-miR-191*	0.373817722018305	5.74880163953132	4.56825629143887	1.07050669081327e-05	6.81397257880005e-05	2.4024083180216
5637	hsa-miR-33b	0.446940251563416	5.73937159007771	4.3623762231733	2.48237164850553e-05	0.00014518784098051	1.59594201567982
8816	hsa-miR-183*	0.872420723759282	5.73673181413794	9.50325623633115	7.9526492849497e-17	3.96336476956604e-15	27.5456168082114
5304	hsa-miR-138-2*	-0.29706538628716	5.72862781360054	-3.01186903463781	0.00308285658825955	0.0106121561145102	-2.94217794892253
1445	hsa-miR-422a	0.67999401456478	5.71537799181868	5.91038700767729	2.48872556462053e-08	2.91202532152469e-07	8.28046268205464
8352	hsa-miR-34c-3p	0.969521394739638	5.68127611930823	6.39689057319553	2.22776853325147e-09	3.25128561642427e-08	10.6399094206011
10959	ebv-miR-BART15	-0.440259770661543	5.67955799399864	-2.54249909284046	0.0120961816837251	0.0342954531681847	-4.18060019166153
4651	hsa-miR-1237	0.230937328551953	5.67133289216073	4.01616608182283	9.61708157951395e-05	0.000491669641846275	0.304337263698297
8496	hsa-miR-519e*	0.343162640859863	5.67109034527953	4.40925131548473	2.05444406520853e-05	0.000123248325195925	1.77710199748011
11812	hsa-miR-181a-2*	0.238462024178957	5.66676226566904	2.71273962607047	0.00751238887214299	0.0228806484073237	-3.75313204550738
12593	hsa-miR-517*	-0.561946883915033	5.66247543703044	-8.50100209014412	2.56159205319855e-14	9.57466185217767e-13	21.8346319269163
2547	hsa-miR-708	0.777846278695059	5.65869622515077	8.81448048213489	4.28157499851921e-15	1.76932791556796e-13	23.6024481270605
265	hsa-miR-921	0.477418841651144	5.65758705340203	4.11708290629976	6.53217439716718e-05	0.000345099877064317	0.672239004125615
2110	hsa-miR-654-5p	0.30401742291759	5.6552438564738	4.31161711831389	3.04212420640029e-05	0.000173968649899373	1.40143144683992
6079	hsa-miR-301b	0.313549141445208	5.65122300949425	3.13574903699818	0.00209023574088847	0.00758118925320627	-2.58452378118575
1612	hsa-miR-93*	0.363396127362478	5.64729361180287	4.90998198908274	2.50645064715732e-06	1.83797274703808e-05	3.80077484170266
7652	hsa-miR-550*	0.174773830395707	5.6432230397567	2.75145456092335	0.00672015389947386	0.0208211814117707	-3.65243667388694
11724	hsa-miR-583	0.738399330213042	5.64243071774091	8.80136518127748	4.61594478408293e-15	1.88790738646261e-13	23.5281127090806
12418	hsa-miR-410	-0.208199449705972	5.64206139842797	-2.46108157410617	0.0150706253091868	0.0411089264464662	-4.37611825710962
4272	hsa-miR-493	0.328498486924671	5.63723900209284	3.8925384716514	0.00015305730742855	0.00074190890805424	-0.136464711036846
12565	hsa-miR-508-5p	0.883932918903082	5.6141164869757	4.84172649275216	3.36779819497313e-06	2.38511013218728e-05	3.51569114135872
11653	hsa-miR-492	0.648875941433034	5.61136298908886	5.51500685470871	1.63609571210374e-07	1.57929009340516e-06	6.44589675494779
10823	hsa-miR-520f	-0.225785628278793	5.60805552208314	-2.60063679160624	0.010306143590349	0.0299847498706456	-4.03744081681818
13679	hcmv-miR-US33-5p	0.299237594646086	5.60506982895363	4.13144370538145	6.1790040866524e-05	0.000328505250849446	0.725174735917648
39	hsa-miR-26b*	0.197610926598168	5.60286476493679	2.60118592279709	0.0102904369728664	0.0299520051712935	-4.03607461201246
1260	hsa-miR-431*	0.703742653266215	5.59764543016946	5.63155797873457	9.4643704339175e-08	9.79019407886616e-07	6.97846491052481
8465	hsa-miR-411	-0.294569980932602	5.59601815381458	-3.58404796364967	0.000466468201692826	0.00201050484368311	-1.18748336571782
10168	hsa-miR-1224-3p	-0.386696749848755	5.59547356156824	-2.68583445507326	0.00811182769148709	0.0243916767411509	-3.82235476251297
12804	hsa-miR-184	0.248321463325528	5.5940719513803	3.03673091919367	0.00285418918065274	0.00993951289955774	-2.8714098157876
849	hsa-miR-566	0.543323106401534	5.58956530889355	6.21742513071292	5.48987000219261e-09	7.50728564527477e-08	9.75719673000479
12102	hsa-miR-503	0.276014058021208	5.58241621924803	3.33816511015535	0.00108113993302625	0.00428002910820865	-1.97337083891799
6982	hsa-miR-130a*	-0.359627506188763	5.57791235569445	-2.88381557823643	0.00455149937930878	0.0148797316929006	-3.29855006156881
6966	hsa-miR-516b	0.436533504902953	5.57525157510963	5.57089619397533	1.25944024967176e-07	1.25533540737653e-06	6.70039532835455
12731	hsa-miR-509-5p	0.267435126289109	5.57392742010211	3.02327867168876	0.00297589696920607	0.0103019474189959	-2.90976429524127
11829	ebv-miR-BHRF1-1	0.286529296905335	5.56232440680882	4.16515988631585	5.42021758287377e-05	0.000291504587510589	0.850021951517196
4689	hsa-miR-510	0.227662890580405	5.5621022626203	3.31785064731233	0.00115664924464119	0.00453492780766081	-2.03618415943032
11399	hsa-miR-485-5p	-0.175858731217976	5.55336069553953	-2.4909602712769	0.0139107835984775	0.0385522539227661	-4.3050424880982
3128	hsa-miR-628-3p	-0.188498236207115	5.54998519293961	-3.32018410325218	0.00114773177650138	0.00450521551476155	-2.02898562026103
13414	hsa-miR-371-3p	0.310032201794092	5.54297900807809	3.38003414297972	0.000939819272967398	0.00378742382061974	-1.84288122350257
5600	hsa-miR-106b*	0.356062482202718	5.54065617013971	3.94070736450798	0.000127864035966156	0.000632086138119249	0.0339761676776211
4372	hsa-miR-628-5p	-0.239349540646923	5.53628875142156	-3.34489319814024	0.00105716487906129	0.00420615334495821	-1.9524952653526
5533	hsa-miR-873	-0.473631972995785	5.53353043906887	-4.24498948767024	3.96301836961533e-05	0.000221455046434983	1.14875837195527
1339	hsa-miR-520b	0.414647130047874	5.53347854382848	4.01470309413618	9.67068516844736e-05	0.000494222330522703	0.299056822260486
282	hsa-miR-570	0.208363996840542	5.53346368445855	2.5276431429412	0.0125961564328584	0.0354738135120432	-4.21670895586282
846	hsa-miR-658	0.410487830231853	5.52632710143267	4.4573653387253	1.68941469379222e-05	0.000103003009151192	1.96456744437362
5163	hsa-miR-1226	-0.303873770309266	5.52137070931868	-2.49318934332816	0.0138275346978684	0.0383714800772361	-4.29970848876878
8215	hsa-miR-518d-5p	0.246056598761315	5.51449378318552	3.21938720570731	0.00159760200351061	0.00600651929568002	-2.33598308315352
13492	hsa-miR-520d-5p	0.287612796438327	5.51338613942088	3.09977688995266	0.00234266006041919	0.00838150326322802	-2.68967370407635
4704	hsa-miR-129*	0.156593782830948	5.51248912623641	2.42530721433558	0.0165720020050231	0.0445362210863971	-4.46018387286296
9075	kshv-miR-K12-7	0.475085313258373	5.51134794731663	5.16490346210455	8.12774842565557e-07	6.67686097775466e-06	4.88999090737499
2297	hsa-miR-181a*	0.294083312887711	5.50653456028314	4.15515337817061	5.63556753100262e-05	0.00030224072019598	0.812886455357281
7121	hsa-miR-525-5p	0.173313126106175	5.49920727109247	3.144323381887	0.00203390999003641	0.00741205522659184	-2.55930470008153
5789	hsa-miR-454*	-0.285317122882004	5.49756418898447	-2.61563634884691	0.00988478003682558	0.0289718144577488	-4.00002883600239
3425	hsa-miR-518f*	0.291161439053104	5.49678292115542	3.99168268989021	0.000105526211931447	0.000535026641955369	0.216168940107525
8409	hsa-miR-216a	0.315763513412749	5.49557603874472	3.33653414456621	0.00108702782066685	0.00429954331419551	-1.97842592720539
13311	hsa-miR-298	0.485953394581069	5.49355651238554	4.56397841837318	1.08966580050123e-05	6.90326883782702e-05	2.3853695652558
6652	hsa-miR-182*	0.497812600744004	5.49128633435379	6.578001627314	8.84984855467403e-10	1.3814798393468e-08	11.5444933077825
2488	hsa-let-7f-2*	0.185833942527132	5.49005921142378	3.33992918033515	0.00107480510052585	0.00426498892146147	-1.96790083196298
2657	hsa-miR-934	0.328812917050114	5.48927506554863	3.97508276896494	0.000112356354028315	0.000564972757774668	0.156633821261615
3875	hsa-miR-132*	-0.164033384727561	5.48927187950032	-2.65347991368469	0.00888979332697146	0.0264355931508791	-3.9047736222868
13584	hsa-miR-490-3p	0.259473154048973	5.48182575666813	4.17150598289025	5.28775100636607e-05	0.000285178266700047	0.873609181351521
10885	hsa-miR-124	-0.200869849595927	5.48105700813731	-2.83758977169642	0.00522291203975749	0.0167372003827046	-3.42382529966995
566	hsa-miR-220c	0.325020754520408	5.47909481312232	4.17293455117501	5.25836195234947e-05	0.000283934664650138	0.878922747331966
9421	hsa-miR-15b*	0.175762417916312	5.47845862719755	2.46483967173518	0.0149201567943714	0.040806022322167	-4.36722164424373
6	hsa-miR-520e	0.376659347584557	5.47744068874494	4.56657269341201	1.07800782674599e-05	6.84552775681641e-05	2.3957011453677
3927	ebv-miR-BART11-3p	-0.251551248014946	5.47419611655239	-2.5841106656969	0.0107890404190587	0.0311673095489166	-4.07843428539744
8636	hsa-miR-634	0.156080680489932	5.47338882428327	2.95254505635558	0.00369833673056045	0.0124287759856197	-3.10897424400497
9405	hsa-miR-920	0.2019742557991	5.47067311298014	2.68621060136234	0.00810315724237278	0.0243710513753617	-3.82139128240549
1448	hsa-miR-92a-2*	0.158036424992089	5.4624988336985	2.67153115764552	0.00844782193470425	0.0252631347649726	-3.85890166224673
12617	hsa-miR-588	-0.185928987941948	5.45858909868864	-2.70377303675413	0.00770754796029476	0.0233903395024191	-3.7762706636921
12053	hsa-miR-453	-0.230060512240621	5.44576299807781	-2.43691532795432	0.0160708864977233	0.0433975213151444	-4.43302997594739
1412	hsa-miR-518e*	0.395541337443463	5.44521082595102	6.36615771925282	2.60225041874975e-09	3.76920146767456e-08	10.4877648529027
6498	hsa-miR-592	0.231984074798599	5.44359738652818	2.54827166719687	0.0119067530065886	0.0338511025684886	-4.16651739524838
6128	hsa-miR-26a-1*	0.326496825560127	5.43680052175999	6.65619159395899	5.91776627367931e-10	9.58236618274715e-09	11.9391308548595
1064	hsa-miR-632	0.231917707742588	5.43097817498666	3.51750779792845	0.000588104141836281	0.00247452449423045	-1.40478159145516
13705	hsa-miR-617	0.169253278333764	5.42763531767863	2.98728765735166	0.00332543737881153	0.011351366151519	-3.01164547634978
2317	hsa-miR-144*	0.510829188862807	5.42711656790572	3.97560397780002	0.000112135633364471	0.000564073675720493	0.158500120192537
1699	hsa-miR-431	0.185668692125128	5.42177745903771	3.60809127693993	0.000428674793025815	0.0018643335536378	-1.10813324086619
8534	hcmv-miR-US25-1	0.218669935854377	5.42097541878327	3.53635028862127	0.000550928485041898	0.00233857845259425	-1.34359305030562
11458	hsa-miR-346	-0.237660317537148	5.42074039001115	-2.76412824212645	0.00647779269575719	0.0201771246560437	-3.61919505789133
13047	ebv-miR-BART2-5p	0.212245969417477	5.41581821451363	2.74948052772594	0.0067586366369685	0.020930774358354	-3.65760200870537
11850	hsa-miR-543	-0.161608609653944	5.41498128873477	-2.5806271041667	0.0108933890017993	0.0313990268997723	-4.08704505918455
5662	hsa-miR-487a	-0.14971607956228	5.40752394273691	-2.68205514863056	0.00819941048171402	0.0246440177444592	-3.83202851831815
2441	hsa-miR-433	0.204934908031801	5.40536642277862	3.36954422856792	0.000973504939230075	0.00390796016177801	-1.8757039526123
10927	hsa-miR-302c*	0.302784456596136	5.40222229400539	6.20814091438131	5.75001000719631e-09	7.82212511269877e-08	9.71191392484747
12971	hsa-miR-127-5p	0.227362451426726	5.39343973894608	3.22334291704807	0.00157722148201131	0.00593985229833312	-2.32408842301582
13690	hsa-miR-373*	0.143710411430214	5.38845792770273	2.5363781030223	0.0122999886112055	0.0348072863832557	-4.19550119163261
9804	hsa-miR-329	-0.17966544395939	5.38843640352664	-3.34566277302256	0.00105445446637492	0.00419661026309995	-1.95010518689355
5706	hsa-miR-488	-0.249798387711497	5.38648713338692	-2.58517640161185	0.0107572966572209	0.0310889570059202	-4.07579785894729
7975	hsa-miR-28-3p	0.126487847127196	5.38240435578605	2.38367159987634	0.0184853538447164	0.0488777601364716	-4.55659743280653
10393	hsa-miR-486-3p	0.221018528856523	5.3812013518087	3.09730479773315	0.00236100390251776	0.00842903761942394	-2.69686109367496
92	hsa-miR-891a	0.241769350942119	5.38089578175576	2.55705705442877	0.0116235576178737	0.0331721296513487	-4.14502871639111
7130	hsa-miR-551b*	0.359582794092741	5.37975760132966	5.22537400974924	6.19020931603296e-07	5.24033983120912e-06	5.15388277440317
3271	hsa-miR-524-5p	0.159798051806982	5.37775500326299	2.64348021382295	0.00914351577912579	0.0270823571040979	-3.93006397242611
13551	hsa-miR-125b-1*	0.939524240384917	5.37655244793973	7.14275135735602	4.60547615275647e-11	9.38958895628653e-10	14.4467079421759
7906	hsa-miR-614	0.145330614398525	5.37413073350578	2.83071402328894	0.00533017042394847	0.0170241569486472	-3.44230516054844
13687	hsa-miR-192*	0.241738252202476	5.37399079914188	4.60759457720045	9.08912972018649e-06	5.87714221599373e-05	2.55964417537284
9606	hsa-miR-10a*	0.173591774600451	5.37151374023881	3.69764797526215	0.000311824500519829	0.00140284536241886	-0.808715410223106
2546	hsa-miR-186*	0.201230066719128	5.36874085117266	3.69788422880065	0.000311560519278292	0.00140212653759488	-0.807917546685618
4685	hsa-miR-497*	-0.181302202516136	5.3686251234077	-3.77331503982805	0.000237275868758004	0.00109868688575626	-0.551045232682297
1627	hsa-miR-624*	0.145290448481516	5.36841058308325	2.76986000792682	0.00637081551254926	0.0198761172123494	-3.60411634777199
4834	hsa-miR-296-3p	0.188576592993785	5.36794818619123	3.29814222131882	0.00123458984526724	0.00479441297486753	-2.09681078300815
12309	hsa-miR-25*	0.276664963882005	5.36370778608161	5.31866865918206	4.05137360074217e-07	3.55792925758386e-06	5.56504634371881
5738	hsa-miR-548a-5p	0.141711511187309	5.36264163032545	2.39466457294025	0.0179620653039114	0.0476909137193038	-4.53129084997442
2025	hsa-miR-147b	0.266491545168128	5.36049304129953	2.49763726094707	0.0136627464995208	0.0380003962169393	-4.28905192419059
15	hsa-miR-489	0.28198213135264	5.3527741897925	5.49783361115495	1.77251391272929e-07	1.6939593188697e-06	6.3680262065572
2399	hsa-miR-18b*	0.335450882173544	5.35039950788162	5.32090601825873	4.01017197436648e-07	3.52685451549512e-06	5.57496605311313
11892	hsa-miR-339-5p	0.122052495837482	5.34970577075127	2.37951001254359	0.0186869458246968	0.0493235666961789	-4.56614969645901
13542	hsa-miR-130b*	0.173192325764955	5.34950492809326	2.88144380879774	0.004583927191038	0.0149639311699678	-3.30502148102892
5992	hsa-miR-138	0.152868611760578	5.34423992016595	3.38730706238832	0.000917108231328742	0.00370477585132379	-1.82007361576678
9894	hsa-miR-571	0.163496638668105	5.34394273273135	2.55717367946054	0.0116198392033977	0.0331685524651928	-4.14474300377922
12560	hsa-miR-92a-1*	0.236865690375996	5.3393226577688	4.78790799111123	4.24310893332775e-06	2.95524191546885e-05	3.29291021566244
7360	hsa-miR-890	0.149777693776687	5.33690722426777	2.59493293378446	0.010470569060899	0.0303974061021481	-4.05161618658053
4597	hsa-miR-190b	-0.145819812397235	5.33686705607605	-3.02281568158875	0.00298016979277746	0.0103140855791187	-2.91108169649515
11957	hsa-miR-509-3p	-0.147739831127565	5.33640909283722	-2.42955411180888	0.0163870791523464	0.0441538920852969	-4.45026327301643
3687	hsa-miR-517b	0.208294138873464	5.33458930380389	3.28127961530803	0.00130513992749047	0.00503063960593289	-2.14843795710455
3404	hsa-miR-520g	0.177671308139975	5.33380839918296	2.55531868535418	0.0116791095463649	0.0333094739414764	-4.14928603558388
2837	hsa-miR-619	0.267165890973777	5.33180548209798	2.97607459381558	0.00344182710903955	0.0116864056470442	-3.04316758906133
13678	hsa-miR-137	0.243315593828521	5.33178444927686	2.88200500024807	0.00457623530570094	0.0149460733673572	-3.30349068580938
4860	hsa-miR-15a*	-0.175791486603705	5.33020933328051	-2.44205428426902	0.0158533732387694	0.042913496338942	-4.42097082684266
4262	hsa-miR-938	0.152870381842195	5.327696856391	2.65759717654636	0.00878718637895139	0.0261709561565228	-3.8943355294202
544	hsa-miR-223*	0.143272999635382	5.32757883139387	2.75965260961757	0.00656245828024392	0.0203936347849797	-3.6309497677949
13093	hcmv-miR-UL112	0.197810092521618	5.32433968305821	4.20129066963237	4.70637988524002e-05	0.000257644620568713	0.984685622431362
7001	hsa-miR-616	-0.212698387727907	5.32248926456967	-3.91551079343719	0.000140503994770512	0.000687748910015282	-0.0553889225373672
2614	hsa-miR-639	0.142314587119449	5.32233571897855	2.67315726956895	0.00840899960864649	0.0251753751552183	-3.85475559082081
9536	hsa-miR-671-3p	0.147722711405275	5.32196594711227	3.27274001835233	0.00134228583742779	0.0051590397681886	-2.17449666806571
1405	hsa-miR-493*	0.227117187077198	5.31925920766443	3.45728697942593	0.0007233653831359	0.00298851845117491	-1.59850262671559
5928	hsa-miR-369-5p	0.130434835245794	5.31919955099804	2.63218686690386	0.00943790356067124	0.0278439882289832	-3.95852224517072
8847	hsa-miR-18a*	0.241603179848686	5.3149960821112	3.55198888909832	0.000521765852822663	0.00222743696560335	-1.29260150946339
2054	NC1_00000215	0.242063909779934	5.31380571932474	2.43172898318279	0.0162930899311085	0.0439182327950713	-4.445176678674
300	hsa-miR-656	0.149087051524814	5.31252778995479	2.37688173306564	0.0188152619649035	0.0495844428123269	-4.57217456803976
13319	hsa-miR-520a-5p	0.137282773993073	5.31235423047325	2.5959406286375	0.0104413497158957	0.0303256641003869	-4.04911389246033
638	hsa-miR-409-5p	0.296499192893661	5.31226663546012	3.91730470105515	0.000139566106518128	0.000683655452969762	-0.0490416160161482
3405	hcmv-miR-UL22A	0.1149078234886	5.31091961677654	2.46419192896649	0.0149459956229053	0.0408517808453817	-4.3687559447545
989	NC2_00079215	0.162105814600213	5.30988564756938	3.26189705790794	0.0013908718939789	0.00531994661892555	-2.20750024834488
5027	hsa-miR-944	0.825840680747326	5.30786655192471	2.88078034862346	0.00459303607307456	0.014986395101671	-3.30683089949008
9417	NC1_00000197	0.208321967179327	5.30729758065478	3.75051483691812	0.00025774317640033	0.00118287591461215	-0.629135938869759
2126	hsa-miR-637	0.321314581711512	5.30728990025545	3.9911818132059	0.000105726377211924	0.000535839597651093	0.214369675890124
455	hsa-miR-517a	0.289427905808164	5.30627955287716	3.22044065593875	0.00159215063571081	0.0059910455688268	-2.33281663076099
7037	hsa-miR-513a-3p	0.13420641559701	5.29861006885596	3.14512675295642	0.00202870532869426	0.00739790214171002	-2.55693874419255
12847	hsa-miR-517c	0.214564050778438	5.29814304369639	2.56045442259141	0.0115156737524313	0.0329340926700777	-4.13670085050643
13625	hsa-miR-516a-3p	0.154547653883879	5.29502948763574	3.52876239602247	0.000565624910396166	0.00238965425252459	-1.36826660079112
7344	hsa-miR-138-1*	0.117758721601677	5.29143962276688	2.74803281702681	0.00678698611742502	0.0209944103899014	-3.66138803344447
13621	hsa-miR-520c-3p	0.136209433609615	5.29050482311275	2.88089714725186	0.00459143130220509	0.0149847925303109	-3.30651238782732
2400	hsa-miR-576-5p	0.231816823946121	5.2902812140935	4.03004848316848	9.12234961184277e-05	0.000467976882870592	0.354519552289427
2530	hsa-miR-642	-0.138301020618926	5.28531648196977	-2.70989537318535	0.00757380393801812	0.0230312103480162	-3.7604792106556
13304	hsa-miR-612	0.189910465541948	5.28393643826626	3.02534602501576	0.0029568867114711	0.0102493218932394	-2.90387964885269
1335	ebv-miR-BART20-5p	0.237984967567267	5.28101474765845	2.75763909638594	0.00660087497170866	0.0204926474348142	-3.63623245051594
998	hsa-miR-596	0.200957984379896	5.27891365110985	3.82999345264715	0.000192867874203227	0.000910607057992499	-0.355255946275193
3970	NegativeControl	0.146488516618501	5.27599319769108	3.33842052329053	0.00108022058023883	0.00427890730871171	-1.97257900939335
4985	NC2_00092197	0.170113993860975	5.27403057011803	4.04738383125363	8.53862306013716e-05	0.000440382184351114	0.417375746552994
777	hsa-miR-508-3p	0.294250148335942	5.27369399917683	2.83179106379991	0.00531323737326425	0.0169789166411713	-3.4394130507741
8782	hsa-miR-146b-3p	0.111902616836614	5.27254563839217	2.64833601854248	0.00901950449233589	0.0267454310079389	-3.91779388455623
7998	hsa-miR-323-3p	-0.136905226317297	5.27223368452817	-2.73310506536008	0.00708566764067384	0.0218078458901375	-3.7003224331122
4400	hsa-miR-96*	0.131197445117533	5.27010833356084	3.39911665791517	0.000881322457835547	0.00357524117957043	-1.78295068353374
4040	hsa-miR-582-3p	0.119349498626659	5.26997761264277	2.42850155924625	0.0164327388995554	0.0442414835198914	-4.45272348418267
822	hsa-miR-411*	0.261499430325663	5.26951348154267	3.07125722462661	0.00256253091171469	0.00905737219543812	-2.77228824162864
13604	hsa-miR-374b*	0.123296708790658	5.26818321964999	2.86356456377518	0.00483526821620772	0.0156504962735995	-3.35365319840364
11418	kshv-miR-K12-1	0.136191743636036	5.26792563788851	2.80247255620885	0.00579213773586311	0.0182783783709601	-3.51778995730389
8704	hsa-miR-19a*	0.157849900768522	5.26744329787527	3.22631289482951	0.00156207893711632	0.00588941837428892	-2.31514955798579
13706	hsa-miR-217	0.143952602825382	5.26625642882564	2.67868670154805	0.00827819186015561	0.0248311079066035	-3.84064025974765
307	hsa-miR-519a	0.310244328347557	5.26592428493725	4.89881718283701	2.63100674639077e-06	1.91677459552974e-05	3.75394971279393
13334	hsa-miR-331-5p	0.117769366725355	5.26509556320224	2.55304138732418	0.0117522438416612	0.0334825731809006	-4.15485922023905
2270	hsa-miR-450b-5p	0.0949870868107876	5.26446288385797	2.39748453215417	0.017829961167486	0.0474150113576465	-4.52478182763704
2269	hsa-miR-519b-3p	0.399151473231049	5.2638474185981	5.76144266212573	5.10300966416185e-08	5.59625900904335e-07	7.5801615115418
6214	hsa-miR-585	0.162245466442333	5.26319557560961	3.47117350064825	0.000689804141750114	0.00285952080449462	-1.55408105476864
10004	hsa-miR-514	-0.152346031533871	5.26188305037469	-2.67937263162772	0.00826209401246348	0.0247991829203008	-3.83888740844171
450	hsa-miR-521	0.152207206961205	5.26118687190755	2.76977885714125	0.00637231882252098	0.0198761989049241	-3.60433002853725
5657	hsa-miR-325	-0.135475702325944	5.25796627637068	-2.9310217551332	0.00394824113874225	0.0131666747863484	-3.16876629165142
622	hsa-miR-146a*	0.16762205895286	5.25714881793357	2.9327545169769	0.00392756267791758	0.0131074611592408	-3.16396695365042
428	hsa-miR-618	0.218610858488231	5.25598171125659	2.97209354610168	0.00348404323439903	0.0118059143193335	-3.05433399377465
341	hsa-miR-520a-3p	0.179692370435379	5.25504658984686	2.37520849005082	0.0188973571671002	0.0497618078357143	-4.57600698730138
564	hsa-miR-551a	0.262227652959666	5.25294374571963	3.51106161187403	0.000601355237024125	0.0025247538438055	-1.42565197249842
118	hsa-miR-522	0.149490437131607	5.2524789049896	3.76666816999206	0.000243077707843929	0.00112246178337265	-0.573850600249694
1480	ebv-miR-BART11-5p	0.212711950823979	5.25176809517595	2.72184262668957	0.00731885259552743	0.0223871135409155	-3.72957093575723
361	hsa-miR-520h	0.312575443237042	5.25157453256016	3.37150414953124	0.000967126530326526	0.00388815494235845	-1.86957797746781
6577	hsa-miR-525-3p	0.148080621529171	5.25020035143165	3.04805053089972	0.00275535269134521	0.00963514184374768	-2.83902031899141
3814	hsa-miR-563	0.10790084999513	5.25010342883963	2.75819234451181	0.00659029899691148	0.0204687805275864	-3.6347812849702
3252	hcmv-miR-US5-1	0.136919194313981	5.24955068467485	2.78509363752027	0.00609426146088908	0.0191241563007751	-3.56390494449369
4191	ebv-miR-BHRF1-2	0.112911568731707	5.24579213534549	2.7246895450964	0.00725925988685269	0.0222507063866719	-3.72218775041417
13724	hsa-miR-518f	0.158002518340862	5.24473203768001	3.48559980385443	0.000656491066525523	0.00273405874068939	-1.50777432481706
1070	hsa-miR-519e	0.117553856519771	5.24276781453167	2.48321161490985	0.0142036621046989	0.0391710951887332	-4.32355047496243
6816	hsa-miR-100*	-0.146971535461413	5.24226804546213	-3.21122245283957	0.00164044537119799	0.00614185668192545	-2.36049436625019
8105	hsa-miR-450b-3p	0.10399783014323	5.24199249648943	2.52744670120671	0.0126028897444461	0.0354853493202065	-4.2171851330452
1775	kshv-miR-K12-6-3p	0.162850671083949	5.23958431786095	4.47617876798747	1.56440142490205e-05	9.62092576484549e-05	2.03828481785153
5703	hsa-miR-657	0.0853767928127773	5.23956738796025	2.42491171959969	0.0165893169775784	0.0445738516873592	-4.46110692265737
28	hsa-miR-553	0.120068149026076	5.23934134812309	2.44036258920688	0.0159246858426099	0.0430978625700239	-4.42494315751851
2243	kshv-miR-K12-9*	0.0947658714039319	5.2392902531473	2.45176073264748	0.0154496631349285	0.041989631820561	-4.39812994382994
3949	hsa-miR-548b-5p	0.110831451541424	5.23859903426195	2.58994658085069	0.0106162393291197	0.0307274933131071	-4.06398525066213
5173	hsa-miR-561	0.944424717573217	5.23584998303729	2.9198288992677	0.00408424005650207	0.0135664117996277	-3.19970742773593
778	hsa-miR-626	0.254365896818241	5.23490585105265	3.53058655594447	0.000562058509779073	0.00237682567806009	-1.3623390222819
6475	hsa-miR-196a*	0.103966168741635	5.23421084849947	2.41463508149292	0.0170448994393142	0.0456157849752213	-4.48504317828204
11142	hsa-miR-155*	0.342188546872292	5.23289234065169	2.9943655478819	0.00325384686662958	0.0111324087051532	-2.9916944763361
12901	hsa-miR-579	0.0994943498713043	5.2301965305953	2.44471360117155	0.0157418447538583	0.0426630942614132	-4.41472128123386
658	hsa-miR-147	0.260481580591165	5.23009922376276	3.30745605626663	0.00119716485160195	0.00467447005441207	-2.06819821761388
13531	hsa-miR-767-3p	0.13013592311153	5.22999210702123	3.10961590017754	0.00227095054866091	0.00816401565129074	-2.66101818708475
7956	hsa-miR-19b-2*	0.141960436293519	5.22907822150858	3.29136441090157	0.00126250798638824	0.00488872157261588	-2.11758918784328
2197	NC2_00122731	0.123491006809911	5.22845051691875	2.56726624074918	0.0113020655526027	0.0323989335483216	-4.11997294007794
1056	hsa-miR-527	0.237242343591507	5.22843882348529	2.89393333643646	0.00441551086128634	0.014491491255968	-3.27089052277405
1926	hsa-miR-604	0.114698336215954	5.2282244748045	2.88191364773602	0.00457748660933624	0.0149465323502132	-3.30373989150176
1360	hsa-miR-518e	0.136366942924736	5.22816091955461	2.77394606600176	0.00629553744572211	0.019668621283872	-3.5933499695647
8814	hsa-miR-708*	0.125995300346978	5.2277573699117	3.04378604197496	0.00279221080828265	0.00974630055415081	-2.85123494333245
1773	hsa-miR-892a	0.190032575026025	5.22604562298354	2.79436049150701	0.00593142144727614	0.0186653898490523	-3.53934723792723
775	hsa-let-7i*	0.194077134318925	5.22571159818462	2.79373372994155	0.00594230886185421	0.0186952789443793	-3.54101049194834
3553	hsa-miR-1233	0.116887716743066	5.22557385505148	3.10532332624588	0.00230198241023853	0.00826012674991191	-2.67352976583396
1985	hsa-miR-767-5p	0.273212293451751	5.22499509075852	4.55250589178092	1.14269502761128e-05	7.21882830588613e-05	2.33973283138293
13323	kshv-miR-K12-4-3p	0.133958680561083	5.22463868788933	2.88989044109608	0.00446939694018235	0.0146362144626658	-3.28195313930424
1207	hsa-miR-302a*	0.126467552740468	5.22447721612552	2.44839231871586	0.01558871390039	0.0423426982112466	-4.40606579834602
8490	hsa-miR-590-3p	0.194857597166432	5.22362861846829	4.47590703786054	1.56614190463432e-05	9.62722954260367e-05	2.03721843334576
369	hsa-miR-875-5p	0.167813713978536	5.22190230568161	3.58452675084381	0.000465685859292245	0.00200841952648604	-1.18590752338433
1560	NC2_00106057	0.148784687467942	5.22181286620101	3.09792857213656	0.00235636276735342	0.00841933547464357	-2.69504799579319
10360	hsa-miR-589*	0.153911807348321	5.2199421600907	2.80466124686686	0.00575507206596611	0.018187000873565	-3.51196409416766
1914	hsa-miR-374a*	0.281663738881404	5.21840541743749	4.86371508838586	3.06297707891967e-06	2.18997978607561e-05	3.60722256176156
13400	hsa-miR-620	0.195786346732617	5.217924862171	3.73006806991394	0.000277510943981341	0.00126625542970937	-0.698837421079519
10299	hsa-miR-552	0.0987883180176272	5.21512073688583	2.58346154845848	0.0108084160938432	0.0312098813216209	-4.08003959317123
3613	hsa-miR-649	0.128098899450782	5.21476066434255	2.89143294243534	0.00444876691563466	0.0145793004424695	-3.2777339945589
11302	hsa-miR-611	0.143862548405277	5.2147048404505	3.09868217375047	0.00235076692736405	0.0084038044034566	-2.69285711070073
3336	hsa-miR-26a-2*	0.167342152229383	5.21465582528112	2.75953966378524	0.00656460783074365	0.0203956044725206	-3.63124618561259
13462	hsa-miR-545*	0.133203708257338	5.21412087495128	2.77117864676933	0.00634643302706848	0.0198092328490451	-3.60064341148339
988	ebv-miR-BART3	0.216405814958476	5.21386759359972	3.44269053217272	0.000760291451660757	0.00312476535539009	-1.64503355959968
730	hsa-miR-888	0.169419460485162	5.21313342602037	2.50322842163227	0.0134580914319441	0.0375009480861958	-4.27563168603371
12303	hsa-miR-218-2*	0.155871184973359	5.21283318780971	2.67135637970625	0.00845200426808616	0.0252677559278754	-3.8593471552556
13377	hsa-miR-556-3p	0.168053972379415	5.21275715984136	3.23780648168179	0.00150474435009354	0.00570040539832734	-2.28049009394334
986	hsa-miR-148b*	0.238951016975543	5.21243923098793	3.16333393487063	0.00191401138615779	0.00702699103445374	-2.50317751976447
5846	hsa-miR-515-5p	-0.117022230323135	5.21216147240256	-3.05550020787436	0.00269204083132082	0.00944073532088948	-2.8176465894763
487	hsa-miR-635	0.145774418302735	5.21142563384784	2.67304092143227	0.00841177197557178	0.025175445663544	-3.85505231740484
768	hsa-miR-135b*	0.207151260477088	5.21118292498567	4.67751661786641	6.77977264040069e-06	4.50957096634858e-05	2.841562072039
7697	ebv-miR-BART18-3p	0.10835449832406	5.21097866012746	3.11966312887574	0.0021998253629753	0.00794307787899739	-2.63167473508909
2271	hsa-miR-526b*	0.0991760764307772	5.21059569147371	2.56102365452215	0.0114976858309391	0.0328896387204755	-4.1353045252714
8020	hsa-miR-675	0.176657506237729	5.21056023827411	4.23103785378602	4.18716813294025e-05	0.000232820390069603	1.09623273334382
8296	kshv-miR-K12-5	0.138363685200542	5.21040614161305	3.40067289850655	0.000876705476344778	0.0035575841042507	-1.77805055304139
709	hsa-miR-587	0.276900651657037	5.20931436928625	3.64325027233298	0.000378576609435939	0.00166718667319537	-0.991307346152549
13495	hsa-miR-518d-3p	0.118855059806127	5.20757207403475	2.50197093857926	0.0135038793369337	0.0376051739151035	-4.27865236248356
1987	hsa-miR-562	0.16531022797798	5.20746125345319	3.23500713222743	0.00151852526583938	0.00574775695559346	-2.28894143281027
1695	hsa-miR-512-5p	0.224904159629146	5.20576491546958	3.32493520563824	0.00112977326785375	0.00444509622580117	-2.01431547795878
9434	ebv-miR-BART14	0.119474495909302	5.20483315420875	3.26894350925194	0.00135911460801411	0.00521430842152203	-2.18606308764324
5615	hsa-miR-518b	0.0963584286910191	5.20354809231227	2.37806696667651	0.0187573011464365	0.0494877912498493	-4.56945838691411
848	hsa-miR-379*	0.220759932988366	5.20225220377605	3.23306094466784	0.00152817529685817	0.00577615921194483	-2.29481333979706
10561	ebv-miR-BHRF1-2*	0.1016510426911	5.20029614232571	2.59461111728408	0.0104799160023612	0.0304179788023667	-4.05241513115394
384	hsa-miR-504	0.151996371780398	5.1998442859644	2.5767035244349	0.0110120030114844	0.0316753981450479	-4.09673084428263
2361	hsa-miR-380	0.11471494825155	5.19978330049135	2.4759944011212	0.0144813867636158	0.0397920237474402	-4.34074162122517
11885	hsa-miR-608	0.105500642376701	5.19830045327631	2.41310951743186	0.0171134681013645	0.0457465051431137	-4.48858854151506
121	hsa-miR-523	0.0896250228206483	5.19806453198055	2.55123548524888	0.0118105310914281	0.0336201621252923	-4.1592755508424
11509	ebv-miR-BART1-3p	0.117446753443165	5.19713664992797	2.55163621081027	0.0117975749583261	0.0335903869317047	-4.15829582277882
3620	hsa-miR-586	0.162953361332365	5.19636691019789	3.7622611797089	0.000246998312200438	0.00113822235923599	-0.588952893215047
847	hsa-miR-603	0.306824099457693	5.1958605984356	3.89332700557212	0.000152609264960414	0.000740003700651291	-0.133688100942493
9248	hsa-miR-606	0.116386199686391	5.19494930992987	2.67252733463212	0.00842401970221753	0.0252064952441715	-3.85636199591992
2195	hsa-miR-549	0.246260390340324	5.1940861005619	3.4082189647113	0.00085463779796703	0.00347747390669621	-1.75426336221925
8432	hsa-miR-597	0.081686664153187	5.19362303877798	2.40855505271762	0.0173196324377964	0.0462406694609104	-4.49916071497153
5676	hsa-miR-488*	-0.11356533592896	5.19178142751892	-3.34953940401599	0.00104089966188335	0.00414634276207887	-1.93805837101556
6165	hsa-miR-567	0.140431117584639	5.19140932256738	3.72808159863777	0.000279506173180746	0.00127449510888516	-0.705592546605846
10469	hsa-miR-544	0.141328994069916	5.18971160460748	3.44193976384425	0.000762237779901613	0.00313180811186446	-1.64742239277715
13465	hsa-miR-556-5p	0.147615796980316	5.18861363736244	3.07391905278576	0.00254123002319537	0.00899626182376135	-2.76460575560694
1772	hsa-miR-668	0.232180476585667	5.18849791396777	3.46997031681157	0.000692653109419515	0.00287044664008284	-1.55793584224374
8525	hsa-miR-633	0.121340055978175	5.1884917273167	2.77944156224392	0.00619556913223163	0.019405860857381	-3.57884745508436
13517	hsa-miR-624	0.139316968509156	5.18605869321744	2.87871525159388	0.00462149468090511	0.0150573444131378	-3.31246055838271
12431	hsa-miR-302c	0.147006314600223	5.18519343261759	2.49857955407734	0.0136280619434449	0.0379196032901145	-4.28679209766981
6917	hcmv-miR-US25-2-3p	0.11570286476479	5.18506646427042	2.5876989757567	0.010682494032278	0.0308926799265704	-4.06955355953313
425	kshv-miR-K12-2	0.180312962694146	5.18504015755498	3.32933566045772	0.00111337468418022	0.00438736182456347	-2.00071208753494
13222	kshv-miR-K12-11	0.1175364896251	5.18331765475102	2.63713067644105	0.00930799557158185	0.0275029399234092	-3.94607783147703
12374	hsa-miR-541*	0.0986412832593846	5.18169295672134	2.51621592782052	0.0129932362870565	0.0364167855610565	-4.24435250824375
5840	hsa-miR-599	0.114710245825918	5.18161257866684	2.87012677654514	0.00474159000108714	0.0153852990245065	-3.33583514254125
1195	ebv-miR-BART17-5p	0.209153656480859	5.17996359186616	2.78311774700435	0.00612950455525531	0.0192257839849686	-3.5691317349212
13099	hsa-miR-363*	0.103130213612089	5.17973028331294	2.46743139644555	0.0148171689771887	0.0405655800116075	-4.36107896039874
12737	ebv-miR-BART8*	0.13106238041459	5.17876483869633	3.11421667213304	0.00223812104032615	0.0080632280371161	-2.64759161038897
3037	hsa-miR-202*	0.136091721859254	5.17817693031206	3.52722247315116	0.000568652170973526	0.0024009361821838	-1.3732685629086
9897	hsa-miR-651	0.103789073876804	5.17799018930087	2.65849507947003	0.00876495215203896	0.0261220621626821	-3.89205722230463
707	hsa-miR-577	0.234481328647828	5.17767582096512	2.93489434434563	0.00390216357500085	0.0130421045864907	-3.15803668292258
490	hsa-miR-519c-3p	0.18395176841118	5.17764053908707	4.4853325596321	1.50684656021464e-05	9.2967112857626e-05	2.07423646184697
7119	ebv-miR-BART9*	0.103312561748298	5.17709555039906	2.70756154602699	0.00762453697062226	0.0231697763045829	-3.76650268409776
13629	hsa-miR-452*	0.107725139658192	5.17619046218007	2.72290534157465	0.0072965557693888	0.0223446641859116	-3.72681570721251
7759	hsa-miR-302b	0.115293349581879	5.17525772485604	2.62211999880455	0.00970749451195663	0.0285143082630186	-3.98379691916654
2334	hsa-miR-302d*	0.189864689495248	5.17467135387236	2.87526909259942	0.00466934496768504	0.0151985258551451	-3.32184714953768
86	ebv-miR-BART6-5p	0.139957135591791	5.1745132128375	4.12573703235533	6.31710170988233e-05	0.000335052899519813	0.704121957535005
1055	ebv-miR-BART2-3p	0.235636929544367	5.17437720204296	2.99055438550214	0.00329221721967352	0.0112465282833021	-3.00244245373255
12819	hsa-miR-643	0.700829305240545	5.17372960846377	2.86838417841364	0.00476630301874242	0.0154543068482405	-3.34057026734371
734	hsa-miR-518c	0.155984180147506	5.17260219670631	3.81058462518017	0.000207101848565809	0.000973371454523759	-0.422568205519197
897	ebv-miR-BART18-5p	0.155210380521259	5.16999431538688	3.17356438238824	0.00185223665158065	0.00682840996812856	-2.47285169666158
3476	hsa-miR-187	0.110276036550129	5.16867692025769	2.68696395470268	0.00808581710286593	0.0243243360018252	-3.81946123940618
2203	hsa-miR-554	0.153860080002572	5.16857266011709	3.13241762599757	0.00211250758054013	0.00765371620994831	-2.59430609035288
2335	hsa-miR-580	0.245393110487528	5.16741435601162	3.23344227542139	0.00152628001019873	0.00577223828477629	-2.29366305355893
2709	hsa-miR-124*	0.1241116641438	5.1668151859898	2.80103911945045	0.0058165308743555	0.0183424512409954	-3.52160328211694
10261	hsa-miR-511	0.121045483799228	5.16624203447491	3.37902604133092	0.000943008496740356	0.00379800129665915	-1.84603931257956
1840	kshv-miR-K12-6-5p	0.198157477679785	5.16598399142048	3.57424709580005	0.000482757844292875	0.00207076491960629	-1.21970271630575
13591	ebv-miR-BART14*	0.112220503207813	5.16583909560397	2.63074233706395	0.00947616869466352	0.0279262649924206	-3.9621543839037
10831	hsa-miR-802	0.14409474904966	5.1654402953844	2.73387081793973	0.00707006047238553	0.0217749447737285	-3.69832983834647
8878	hsa-miR-569	0.0812324514464891	5.16515946282909	2.40326483757886	0.017561862897283	0.0468038081096929	-4.51141770126535
7367	hsa-miR-607	0.120331690691519	5.16456377875776	3.14155100762962	0.00205196614431453	0.00746653770629969	-2.56746541311705
10707	hsa-miR-330-5p	0.0942726473374824	5.16364531070402	2.41633358967334	0.0169688443090307	0.0454393570193665	-4.48109347441694
9383	hsa-miR-646	0.0940821471558699	5.16350628522752	2.55490885950218	0.0116922407123182	0.0333327947086766	-4.15028932775725
7361	hsa-miR-509-3-5p	0.147406425814518	5.16192564450604	3.33720396576421	0.00108460610622174	0.00429248816627051	-1.97635010779424
10989	hsa-miR-942	0.0900257083045144	5.16072266682401	2.39938074589572	0.0177416154282912	0.047226741286466	-4.5204010266228
8736	hsa-miR-644	0.188378676924768	5.16052776827814	3.78925255720983	0.000223894835776742	0.00104318868082127	-0.496230445699665
621	hsa-miR-122*	0.105279367710006	5.15906741244272	2.40661228051696	0.0174082425946947	0.0464495959457093	-4.50366483687648
7200	hsa-miR-655	0.119033870265059	5.15896589956658	2.95139804556265	0.00371127900946764	0.0124660435225653	-3.11217039538341
1417	hsa-miR-372	0.105766295567491	5.15847164352102	2.67181396920636	0.00844105838268258	0.025251863405375	-3.85818074569004
46	hcmv-miR-UL70-5p	0.084331956436146	5.15821487503681	2.7163713768074	0.00743462583359056	0.0226848810015407	-3.74374056914747
735	hsa-miR-593*	0.136427311889434	5.1581899664438	3.18189070515664	0.00180333174250567	0.00667188120075783	-2.44810771029382
12485	hsa-miR-499-3p	0.0937318339612139	5.15696685124053	2.68171537157609	0.00820732633476975	0.0246567946328783	-3.83289763181155
8569	ebv-miR-BHRF1-3	0.0898894560807744	5.1565760414153	2.65480552639278	0.00885664006042895	0.0263428268464041	-3.90141452238973
311	ebv-miR-BART19-5p	0.0956382926549404	5.15644758026174	2.41726978985122	0.016927052319209	0.0453364681543146	-4.4789153467681
1644	hcmv-miR-US5-2	0.130048389126278	5.15627156647487	3.37951252710857	0.000941468190515432	0.00379293292562145	-1.84451539397883
9838	hsa-miR-524-3p	0.115232723627961	5.15525453667149	2.8798166439299	0.00460629663450556	0.0150187369793813	-3.30945849971395
12454	hcmv-miR-UL22A*	0.116451473128335	5.15475288493495	2.76967203320071	0.00637429821695101	0.0198777651928836	-3.6046113015727
637	hsa-miR-220a	0.250279702120413	5.1546760233616	4.00592044631136	9.99852217112758e-05	0.00050962164520717	0.267389183553782
2748	hsa-miR-888*	0.171022005462354	5.15430549533413	2.55858434737303	0.0115749465843913	0.0330544315024552	-4.14128615444947
4335	ebv-miR-BART8	0.125793360513038	5.15381029107986	2.95849124718649	0.00363190529794009	0.0122417403405877	-3.0923875988652
7192	hsa-miR-621	0.109140020334118	5.15119160436381	2.39699351614733	0.0178529013093866	0.0474478846571412	-4.5259156965963
764	hsa-miR-876-3p	0.104691543866835	5.15027518041501	2.43886725836164	0.0159879580358757	0.0432256305667557	-4.42845229441613
844	hsa-miR-589	0.11428292218211	5.14926511459402	2.69516993062479	0.00789910099796782	0.0238640105587461	-3.79840646946237
5550	hsa-miR-218-1*	0.108678918539606	5.14534733514291	3.02066002373029	0.00300013842757415	0.0103725238133191	-2.91721311908725
13392	kshv-miR-K12-9	0.131393616943784	5.14501072067564	2.69251832082608	0.00795900357947065	0.0240077056254922	-3.80521625596316
10755	ebv-miR-BART10*	0.0827839249898572	5.14349451425474	2.52604009059364	0.0126511974354124	0.0355915769790737	-4.22059378814165
159	hsa-miR-220b	0.104446919514631	5.14319914144337	2.70483966974772	0.00768409428343065	0.0233244242449454	-3.77352179022207
6102	hsa-miR-573	0.134106009643575	5.14315150506552	2.44570016884573	0.0157006470492934	0.0425771678144482	-4.41240120396483
12433	kshv-miR-K12-3*	0.12495953951669	5.14297898688731	3.37102092965603	0.000968695488001931	0.00389329942848088	-1.87108862177061
3117	hsa-miR-558	0.125423158028856	5.14287767212518	2.66722490364829	0.00855141466397022	0.0255309154023482	-3.86987025021698
6191	hsa-miR-367*	-0.101390039569787	5.14163717965204	-2.69119641060124	0.00798902021338326	0.0240885124687099	-3.80860889132143
9568	hsa-miR-496	0.133147936989808	5.14103933350384	3.18811404983712	0.00176756501240294	0.00655758334901955	-2.42957671910831
7060	hsa-miR-412	0.0968837965699025	5.13652040130738	2.81062725114028	0.00565513242378288	0.017913244325429	-3.49606314788455
10841	hsa-miR-653	0.102677497491167	5.13628677327726	2.6257047802806	0.00961070866034305	0.0282917732954662	-3.97480673771474
10119	hsa-miR-578	0.0895947242820263	5.13501273531832	2.50245309335584	0.0134863065313804	0.0375640117338552	-4.27749431315004
4787	hsa-miR-600	0.0919789327304548	5.130972222437	2.6158177903198	0.00987977940413726	0.0289697780915387	-3.99957508974208
1640	ebv-miR-BART6-3p	0.108811244443542	5.12749211079193	2.79138769058346	0.00598322346059261	0.0188152032918285	-3.54723327940355
8282	hsa-miR-615-5p	0.102671644401488	5.12724882551924	2.74980195158514	0.00675235703514598	0.0209161409449642	-3.65676118468968
1992	hsa-miR-1231	0.0910309632761974	5.12355221230605	2.61523950550221	0.0098957252156394	0.028984953962047	-4.00102115678971
5856	hsa-miR-941	0.0887791177928401	5.11822179429824	2.39809099622535	0.0178016633575466	0.0473770807726224	-4.52338106740185
10253	hsa-miR-208a	-0.179780926811698	5.11425851501559	-2.68512312386442	0.00812824734969516	0.0244355889940791	-3.8241764697343
