logFC	AveExpr	t	P.Value	adj.P.Val	B
hsa-miR-145-star_st	-2.24796082560226	6.23016582708223	-8.74572395068105	6.35869705037881e-09	1.9490180538997e-06	10.6126467597179
hsa-miR-221_st	-1.67378532646123	11.0257222169341	-8.49110170087241	1.09322238708772e-08	2.19128906108468e-06	10.0869862176076
hsa-miR-222_st	-1.73168986953866	11.0749688905535	-8.25587296218403	1.81736683050867e-08	2.71306362002853e-06	9.59309201036676
hsa-miR-455-3p_st	-1.41770980121869	7.90240732924344	-8.18002111600352	2.14438317674683e-08	2.77570934722979e-06	9.43213747734467
hsa-miR-125a-5p_st	-1.0206109803574	11.4147277747221	-7.67470670669211	6.58437866267256e-08	4.76452956007279e-06	8.33891183143717
hsa-miR-27b_st	-0.874673196584855	11.5960300917296	-6.91188542546931	3.81628664793899e-07	1.5696989554549e-05	6.62113903555188
hsa-miR-221-star_st	-1.6895422249004	5.18876513002145	-6.89765149386257	3.94628498269888e-07	1.61467105443936e-05	6.58834489303125
hsa-miR-133a_st	-1.92516534297648	8.49253394911583	-6.74835067324006	5.61610969754099e-07	2.08008991878118e-05	6.24280069996736
hsa-miR-320a_st	-0.605857271144762	9.66892655106024	-6.73204190785797	5.83777778148655e-07	2.11601838429077e-05	6.20488440608252
hsa-miR-139-5p_st	-1.45787401922343	5.80960145777562	-6.6762058635117	6.66672927333365e-07	2.34150113195158e-05	6.07481977672607
hsa-miR-181a_st	-0.9299259709961	9.17055459609983	-6.6541871235723	7.02583488365403e-07	2.40819735156826e-05	6.02342307613365
hsa-miR-152_st	-1.11860794689598	8.60182612214508	-6.64190328521394	7.23469686904132e-07	2.44758251218865e-05	5.99472390500841
hsa-miR-143-star_st	-1.69034396250153	6.95415885179013	-6.62283029383761	7.57163835617001e-07	2.52873306638755e-05	5.95012634947196
hsa-miR-145_st	-0.724979301425932	13.959767952854	-6.52288426155565	9.61818823906696e-07	3.06800575870646e-05	5.7157057486547
hsa-miR-133b_st	-1.65817188887345	8.68509288852608	-6.35773689192805	1.4318237952779e-06	4.01064622225693e-05	5.32576931215218
hsa-miR-770-5p_st	0.758396310451381	5.87075713429775	6.33728737220568	1.50445926106152e-06	4.075151350048e-05	5.27726687405878
hsa-miR-505_st	-1.1783351057358	5.10303329702561	-6.28561444983679	1.70520018862725e-06	4.39806583304356e-05	5.15449948116264
hsa-miR-455-5p_st	-1.80824913031114	3.98915256357105	-6.23618789429938	1.92276378152643e-06	4.80076643853964e-05	5.03679298753063
hsa-miR-25_st	0.897030020369536	8.98407285536074	6.20474045122001	2.07571153769524e-06	5.08516792071734e-05	4.9617644198247
hsa-miR-181c_st	-1.05310288687881	7.16073989399743	-6.07406468444237	2.85620364626185e-06	6.41414698147597e-05	4.64887256076986
hsa-miR-886-5p_st	-0.979447893026206	9.32333600294867	-6.06640483761653	2.91030854650674e-06	6.51427806353753e-05	4.6304770060028
hsa-miR-205_st	-3.47523356765843	11.0691781948585	-6.05962871705619	2.95904002245629e-06	6.56957323167497e-05	4.61419882740661
hsa-miR-886-3p_st	-0.966811671521778	9.61147791405354	-6.03096104461821	3.17456691421146e-06	6.92995542864876e-05	4.54527989107242
hsa-miR-34a-star_st	-1.10092768013648	5.90996167301462	-5.83902654715073	5.09368429595341e-06	0.000103664434304364	4.08181171679595
hsa-miR-30c_st	-0.669751274592111	11.5034645034879	-5.79692610088031	5.6530261341169e-06	0.0001135691497124	3.97969751725286
hsa-miR-593_st	-0.723800889942325	3.88544072859649	-5.79199248187968	5.72253245611322e-06	0.000114264122323523	3.9677209054223
hsa-miR-99b_st	-0.876193114755177	8.89233512025581	-5.7917614563713	5.72580839380999e-06	0.000114264122323523	3.96716002746289
hsa-miR-31_st	-2.43571890730624	7.53447828552981	-5.61207641511526	8.94903941239615e-06	0.000165726879165583	3.5295826777305
hsa-miR-376c_st	-1.47525739096895	4.94542107608865	-5.56192827420057	1.01418450757704e-05	0.000184322137830571	3.4070086113384
hsa-miR-130a_st	-0.773470526791597	10.7224076982713	-5.51113874189674	1.15144264226793e-05	0.000201760633392911	3.28268200473408
hsa-miR-224_st	-1.29669693759783	5.20958431120324	-5.44576777553655	1.35619372025997e-05	0.000228912611745824	3.12240276348615
hsa-miR-153_st	1.77087018158486	3.84115289275531	5.31833971240314	1.86752073854928e-05	0.000291893491435252	2.80920458532046
hsa-miR-378_st	-0.992575886559699	8.52284830853384	-5.27333662261548	2.09146079669782e-05	0.000321747364688848	2.69837626160318
hsa-miR-320b_st	-0.573089162699119	9.24574044309934	-5.20604978523494	2.4779402064532e-05	0.000366069994582831	2.53248263849898
hsa-miR-320c_st	-0.760610757656561	8.94554864130958	-5.20042379177819	2.51335273763888e-05	0.000369903044155326	2.51860242817607
hsa-miR-100_st	-0.755582303843056	10.9163230968115	-5.12249951986466	3.05977913253185e-05	0.000425483521721288	2.3262145876948
hsa-miR-936_st	0.548836245165698	7.44931309078403	5.05039698170086	3.67169948894789e-05	0.000492184073861539	2.14799888144865
hsa-miR-422a_st	-0.838869270882471	8.09659193991107	-5.04649520273417	3.70812934199353e-05	0.000493680252260297	2.13835005439863
hsa-miR-23b_st	-0.570513087159979	12.5604010878784	-5.01874557515863	3.97794047364272e-05	0.0005199175212027	2.06971437901469
hsa-miR-342-3p_st	-0.595534199613127	10.147640017627	-4.99353542867354	4.2401682477765e-05	0.000544775263295203	2.00734163840737
hsa-miR-30e-star_st	-1.07699110519817	6.57558158476896	-4.9632180542366	4.57867697089639e-05	0.000577134847218633	1.93231241579616
hsa-miR-508-3p_st	-0.494457754935573	2.70842914621077	-4.84743886059657	6.141361281198e-05	0.000728296485774846	1.64562504860376
hsa-miR-182_st	1.05136834616957	8.11488171444033	4.84681788537904	6.15104835127999e-05	0.000728340043412926	1.64408692813088
hsa-miR-23a_st	-0.531310786225342	12.4152002436895	-4.78062963836735	7.27670157386423e-05	0.000837517272455802	1.48012708364098
hsa-miR-93_st	0.633166425994323	9.60832730152045	4.72288219422976	8.42655146699925e-05	0.000950266951148617	1.33706853651855
hsa-miR-320d_st	-0.609511197261053	8.83104216161759	-4.69660499224259	9.00849000664513e-05	0.00100429885024154	1.27197553998998
hsa-miR-141_st	0.705548831386473	11.5433627482689	4.68653229795485	9.2420971781847e-05	0.00102887449355432	1.247025122862
hsa-miR-28-3p_st	-0.636065660124609	7.16913843637125	-4.63561357377415	0.000105192611088004	0.00113609282093716	1.12091429924295
hsa-miR-574-3p_st	-0.595398194051693	10.0769094754339	-4.59654736749559	0.000116177618895255	0.00124033892304156	1.02418473564965
hsa-miR-204_st	-0.974916019958038	3.04703024384366	-4.56727492760763	0.000125154949933195	0.00131640098752075	0.951724732483685
hsa-miR-130b_st	0.972838659556421	5.85606729726237	4.52387314496778	0.000139758487272569	0.00144855779580255	0.844328148192378
hsa-miR-148a-star_st	1.0287162400451	5.09461942188253	4.49444148074756	0.000150619089614061	0.00154439124367128	0.77153133385204
hsa-miR-24_st	-0.452637370274001	12.9455661181896	-4.49372543590203	0.000150893571703818	0.00154439124367128	0.769760603494022
hsa-miR-621_st	-0.497349289961677	4.08110684899131	-4.45472073114953	0.000166625320820207	0.00167590332330748	0.673331993443607
hsa-miR-27a_st	-0.557020797833079	11.9109034309281	-4.42461072188919	0.000179881011762879	0.00179861137254829	0.598933203343125
hsa-miR-132_st	-0.699973310453407	6.99625490195052	-4.38782665863669	0.000197511061392479	0.00194892543533109	0.508096915519965
hsa-miR-31-star_st	-0.931827705441117	4.04950103893223	-4.32493035214886	0.000231738532296111	0.00220858125596842	0.352933169289759
hsa-miR-181d_st	-0.984765311797497	6.02698597573228	-4.32084088114112	0.000234158382875067	0.00222892541068045	0.342852009807061
hsa-miR-195_st	-0.620020043648458	10.3355192822421	-4.31656026351852	0.000236718305810924	0.00225055177604912	0.33230068490059
hsa-miR-1291_st	0.500305929976419	7.49726303875338	4.26739320866636	0.000268197359993941	0.00250114841092201	0.211188469027611
hsa-miR-143_st	-0.55954998887958	14.0745285755472	-4.19414663735072	0.000322975125912322	0.00296947130471152	0.0310633719481297
hsa-miR-96_st	1.17011457140597	5.55458133056583	4.05573564224747	0.000458578111707207	0.00400871134562844	-0.308125697888415
hsa-miR-375_st	0.866413879420227	10.4523653978499	4.0435252534684	0.000472958018914188	0.00409774602861905	-0.337962782450679
hsa-miR-1246_st	-0.749723652761084	11.5677432230827	-3.98901042624125	0.000542800312323412	0.00462089808366826	-0.470983924333543
hsa-miR-497_st	-0.631566787730671	10.1040500516009	-3.95223495593073	0.000595584097827021	0.00501387971594243	-0.560533715785434
hsa-miR-149_st	-1.27060260809065	8.02935003243931	-3.94237771020913	0.000610574377917009	0.00512528331194567	-0.584509724563513
hsa-miR-324-3p_st	-0.505810081762532	7.32953975392459	-3.87767082280201	0.000718658070087308	0.00595579301986459	-0.741600473971591
hsa-miR-452_st	-0.724684505504316	5.14317234315905	-3.86731944467754	0.000737618640302633	0.00608710630830526	-0.766680922802184
hsa-miR-223_st	-0.932806294903432	7.80373809157038	-3.85329320013171	0.000764099707166568	0.00628572548579656	-0.80064234737531
hsa-miR-342-5p_st	-0.576557605014635	4.09610924757827	-3.83326213867082	0.000803549893861113	0.00656190430566834	-0.8490964796793
hsa-miR-24-1-star_st	-0.97599794126331	4.51746838322012	-3.82695906580601	0.00081637371874204	0.00664579230413442	-0.864331743887948
hsa-let-7e_st	-0.512494483774148	10.386789779398	-3.7775775277974	0.000924067202210974	0.00737649150692417	-0.983494708428898
hsa-miR-517-star_st	-0.715882960410998	5.24659642011988	-3.76319472170997	0.000957982999210738	0.0076238667401547	-1.01813387550642
hsa-miR-1287_st	-0.525437737048373	4.59022329984857	-3.74277728395561	0.00100824060443984	0.00796703773882444	-1.06725199831207
hsa-miR-139-3p_st	-0.510093773055967	5.43650422370232	-3.7365476001722	0.00102408474193999	0.0080596397364159	-1.08222571563124
hsa-miR-193b_st	-0.669464691646512	9.51443939135502	-3.71297418635203	0.00108628515764444	0.00849781632331459	-1.13883077743606
hsa-miR-1_st	-1.47118126925558	6.09027246220606	-3.66483996937132	0.00122503360831612	0.00946947344113797	-1.25412686378664
hsa-miR-1229_st	-0.690113344305003	5.2069152364991	-3.64730710465372	0.00127977606081488	0.00982460698945801	-1.29602488608146
hsa-miR-181b_st	-0.759573081489965	6.89118316160827	-3.59765530915943	0.00144814207329546	0.0108866184150153	-1.41437842700896
hsa-miR-502-5p_st	-0.503153922519693	3.20539515206361	-3.57574635662904	0.00152915833496037	0.0113813070359193	-1.46645696822483
hsa-miR-512-3p_st	0.488700381423831	2.59349303665149	3.56858058280175	0.00155660632450635	0.0115635726483053	-1.48347045750174
hsa-miR-7-1-star_st	0.718341144367157	3.98188737755536	3.5271532824203	0.00172499070302551	0.012598880695462	-1.58163306903621
hsa-miR-379_st	-0.640025605405505	3.59673405295283	-3.52474323842563	0.00173531618501188	0.0126624612379719	-1.58733317123169
hsa-miR-768-5p_st	0.357227756118837	12.2909296709422	3.45266044866769	0.00207361279982461	0.0148009460434586	-1.75726145139717
hsa-miR-377_st	-1.02088741633932	5.84647431406483	-3.4342975966346	0.00216958652239488	0.0153580785077137	-1.80037187825265
hsa-miR-873_st	-0.550234917716608	2.57426061672796	-3.40869388899739	0.00231065631826351	0.0162536265771641	-1.86035597350501
hsa-miR-769-5p_st	0.941957424956499	5.20853433276625	3.39660490262206	0.00238032727037125	0.0166986154559706	-1.88862608995133
hsa-miR-222-star_st	-1.01834940556927	3.87184682003608	-3.36571139078661	0.00256778005438534	0.0177272094744005	-1.96071611111823
hsa-miR-15b_st	-0.547887017372858	8.44349400965766	-3.35300790365943	0.00264895465390937	0.018175224425199	-1.9902940767982
hsa-miR-146b-3p_st	-0.566393907612665	3.76696377210086	-3.31582512362149	0.00290112666339025	0.0195619541625495	-2.07664242992364
hsa-miR-193b-star_st	-0.569473655417069	7.64764955890663	-3.31249738481011	0.00292479790416813	0.01968759312754	-2.08435365394394
hsa-miR-596_st	-0.586729283632008	5.86094763243255	-3.28782922329235	0.00310620216005398	0.0206419811911751	-2.14142891725071
hsa-miR-193a-5p_st	-0.535827976182794	10.2917234645266	-3.21818764775334	0.00367907430501354	0.0238605524428886	-2.30170542516831
hsa-miR-542-3p_st	0.400865143781086	2.70409681700367	3.20931727347886	0.00375899554813697	0.0242198892132919	-2.32202661812893
hsa-miR-1271_st	-0.625262413772749	5.87192092218525	-3.2092866976858	0.00375927391116099	0.0242198892132919	-2.3220966269825
hsa-miR-548n_st	-0.318104453384743	1.70796256212689	-3.18122524010457	0.00402331369409266	0.0256461635557375	-2.38623889353738
hsa-miR-652_st	-0.629876096962088	5.92519360579524	-3.17615211926779	0.00407292046740482	0.0258370930836654	-2.39781133151047
hsa-miR-1207-5p_st	0.368380484393262	12.2173218388619	3.1724002245622	0.00410998665349363	0.0260499154071798	-2.40636518644942
hsa-miR-625-star_st	0.405678064598328	3.50948267110061	3.16965592255036	0.00413730421258478	0.0261594113441343	-2.41261931734871
hsa-miR-93-star_st	0.725831853294837	5.07170812905964	3.15594425901127	0.00427643648359053	0.0268436555174779	-2.44383522565134
hsa-miR-7_st	0.51759288905659	4.13840780624961	3.14058896121935	0.00443759705333371	0.0275674252558052	-2.47872852875182
hsa-miR-30a-star_st	-0.78586795734889	6.75595217698497	-3.10905556776429	0.00478708083343464	0.0294575092230644	-2.55016745855265
hsa-miR-18b_st	0.866915139194662	5.08151713004468	3.10602031407875	0.00482208367224152	0.029649554601548	-2.55702818073995
hsa-miR-187_st	-1.47509966437351	4.95238338425069	-3.10133725555604	0.00487657224223544	0.029843705617126	-2.56760806094115
hsa-miR-200c-star_st	0.607304037907216	3.00822151503908	3.08145462306492	0.00511457148930289	0.0309847877433349	-2.61245231856738
hsa-miR-34a_st	-0.64293485159628	8.20019186199167	-3.07797860371856	0.00515730987673872	0.0312195016938134	-2.6202798665672
hsa-miR-619_st	0.535766314613658	3.78100263636756	3.05869754319917	0.00540066970233894	0.03241646215344	-2.66363033243792
hsa-miR-887_st	-0.530301304892775	6.24801398903235	-3.05641528637673	0.00543019452426341	0.0325686647790626	-2.66875395237007
hsa-miR-7-2-star_st	0.457710696254486	3.8917716538977	3.05382302787998	0.00546391752489786	0.0327207014996757	-2.67457153479439
hsa-miR-126_st	-0.449023480166481	9.79304620503604	-3.04594680379895	0.00556761684635934	0.0331979100126867	-2.69223446866512
hsa-miR-657_st	-0.398088677648071	3.02558127900867	-3.02981154996376	0.00578597781846931	0.0342556186752558	-2.72835728496674
hsa-miR-768-3p_st	0.311730300456007	12.5015589361989	3.00637386792389	0.00611783015414446	0.0358402118850367	-2.78067924165687
hsa-miR-665_st	0.480138674149149	9.21934294889734	3.001769373784	0.00618513153691533	0.0361802417372705	-2.79093723473759
hsa-miR-22_st	-0.327225167360817	12.2130707136847	-2.99597782888588	0.00627078950716584	0.0365445339287852	-2.80382987678255
hsa-miR-744_st	-0.44691748428872	10.9021613880629	-2.97068688059588	0.0066583195110501	0.0385728443134593	-2.86000008191797
hsa-miR-558_st	0.390457124171011	2.09435467217175	2.95794523005943	0.0068621238463971	0.0394030109181435	-2.88821750345432
hsa-miR-1244_st	0.976026260044554	5.56323373626308	2.95634042282034	0.00688821133333974	0.0395237676725771	-2.89176757742465
hsa-miR-148a_st	0.496703177292591	10.5430327233767	2.94719358198235	0.0070387176570181	0.0401808462305306	-2.91198498864193
hsa-miR-361-5p_st	-0.362810656448188	8.64481899891888	-2.94002585493116	0.00715884624904557	0.0406882788627572	-2.92780789759957
hsa-miR-17-star_st	0.680235395071955	6.87557932433605	2.93851501912144	0.00718441567241138	0.0407773968304511	-2.93114084273878
hsa-miR-297_st	0.515602386551359	1.90245185964768	2.9384828135066	0.00718496166801423	0.0407773968304511	-2.93121188063358
hsa-miR-1179_st	0.32759274522608	1.83577542959392	2.92922961035401	0.00734348482415739	0.041466281720224	-2.95160737341548
hsa-miR-1273_st	0.325968995476728	6.91687891121211	2.90719816141002	0.00773444678727294	0.0434229178466509	-3.00004789851065
hsa-let-7b-star_st	-0.688946382910285	5.76042065654326	-2.88922373826265	0.0080680161598982	0.0449725722465082	-3.03944125041627
hsa-miR-32_st	0.381822545542718	1.84897367922087	2.87317538121593	0.00837736588344013	0.0462352502677151	-3.07451556098964
hsa-miR-150_st	-0.732583287696642	8.50954469749064	-2.86216813800421	0.00859602554987338	0.0472418703743041	-3.09851836453781
hsa-miR-200c_st	0.445871025859747	11.431406961009	2.85351028541821	0.00877181238255227	0.0480390425855963	-3.11736687605175
hsa-miR-99a_st	-0.591208776411085	11.6668457599472	-2.83326946691006	0.00919618582218854	0.0497357731490681	-3.16132400092943
