miRNA	logFC	AveExpr	t	P.Value	adj.P.Val	B	experiment
hsa-miR-145	-1.34155118148617	14.9307853718346	-8.11630101506122	2.24084832954009e-13	6.03057102445828e-11	19.9846552387399	GSE21036
hsa-miR-141	0.809227702080687	13.7607182634524	5.49504080822483	1.79572525172522e-07	6.34206797564688e-06	6.86841392985994	GSE21036
hsa-miR-23b	-0.599955385219884	13.3924669074608	-4.91130403151262	2.49208617183761e-06	6.18699474690902e-05	4.35721613591893	GSE21036
hsa-miR-23a	-0.346191103802381	13.0700914301541	-3.21886093736682	0.00160033182379673	0.0135947380183136	-1.70080069776085	GSE21036
hsa-miR-200c	0.880344432063342	12.7997626459388	6.20852688509482	5.73895775582264e-09	3.19060262476951e-07	10.1748504065211	GSE21036
hsa-miR-143	-0.987042891559295	12.7958915710459	-5.8559106280972	3.24003163741365e-08	1.4188488717533e-06	8.51060253140761	GSE21036
hsa-miR-27b	-0.587790930805639	12.711164877605	-5.88671251333607	2.79151608523389e-08	1.25859999003271e-06	8.65370746767281	GSE21036
hsa-miR-24	-0.386612122756304	12.6849131511552	-4.70913757147303	5.93240620775172e-06	0.000136455483643602	3.53308872335097	GSE21036
hsa-miR-148a	1.10578322680665	12.498293928623	6.89942103031732	1.66828558183664e-10	1.47687176244696e-08	13.5865972119639	GSE21036
hsa-miR-375	1.12629672423949	12.2899852981959	4.48481498196259	1.51004568883003e-05	0.000303724585783212	2.6480849687307	GSE21036
hsa-miR-27a	-0.323515918118931	12.0776695493505	-3.00480620057922	0.00315083106873202	0.0227699156073352	-2.31710174827722	GSE21036
hsa-miR-22	-0.45413819451058	11.886200124026	-3.32057805898028	0.00114623259866305	0.0103933327814084	-1.39516115510781	GSE21036
hsa-miR-100	-0.433995143938322	11.6119225428996	-3.42331588768113	0.000812042282665779	0.00784410693147935	-1.07825905040866	GSE21036
hsa-miR-34a	-0.283499430041358	11.3132597403129	-2.79236264520234	0.00596618933268776	0.0365816897913755	-2.89186476275758	GSE21036
hsa-miR-768-3p	0.372659323521779	11.2759280252075	3.09473984203602	0.00238017726701721	0.0184172888470291	-2.06265347480983	GSE21036
hsa-miR-130a	-0.447600734907988	11.2110362755882	-4.04102148048201	8.74859048219485e-05	0.00129648715339663	0.993774452068111	GSE21036
hsa-miR-20a	0.603062661172055	11.146193123451	4.33498420375459	2.77083187843748e-05	0.000495802044631047	2.07488665147685	GSE21036
hsa-miR-30c	-0.309080518861109	11.1081016947734	-3.21025954753347	0.00164556792919693	0.0138889261612935	-1.72627218814504	GSE21036
hsa-miR-17	0.674671043087052	11.0848210698386	5.61044309395409	1.04561330894919e-07	3.96331624935782e-06	7.38651453658996	GSE21036
hsa-miR-205	-1.76007617189018	11.0305133794747	-4.0673044609807	7.9118908858283e-05	0.00119054377496105	1.08803121026105	GSE21036
hsa-miR-106b	0.54801367172055	10.9432193543444	5.87761936327751	2.91717659824463e-08	1.30410393043122e-06	8.61141434656861	GSE21036
hsa-miR-1	-0.624072662824641	10.5656313364936	-3.16097575016479	0.00192851950308828	0.0157338946652375	-1.87108479507035	GSE21036
hsa-miR-133b	-0.973837828650037	10.5050740892646	-5.499734153671	1.75688615590464e-07	6.25414288726265e-06	6.88935164661855	GSE21036
hsa-miR-20b	0.53030258132635	10.3769633946657	3.60512264946126	0.000433179674801896	0.0047273849992979	-0.497653664153125	GSE21036
hsa-miR-25	0.79881982077819	10.2401766385167	8.71946453232425	7.37735728867644e-15	4.96348598382151e-12	23.2931235760596	GSE21036
hsa-miR-221	-1.19725286804068	10.1572576084864	-7.8039397252589	1.27202509437862e-12	2.07605648243703e-10	18.3028852033492	GSE21036
hsa-miR-93	0.689635229459208	10.0785763133963	6.78348608346814	3.05858184236845e-10	2.50952910188475e-08	13.0013222108765	GSE21036
hsa-miR-214	-0.334033995251716	9.90620371130971	-2.77457596424582	0.00628400499505518	0.0381405373087337	-2.93828712481423	GSE21036
hsa-miR-222	-1.40262698679373	9.80523293492831	-7.22913698285874	2.9027384242676e-11	3.14993937394716e-09	15.276475939592	GSE21036
hsa-miR-497	-0.344721305511086	9.80226275885106	-2.66784712256151	0.00853637574240581	0.0478008622512745	-3.21125422907995	GSE21036
hsa-miR-324-3p	-0.300419416168223	9.61504659574731	-2.67000907322384	0.00848430739509783	0.0476504406854341	-3.2058204244699	GSE21036
hsa-miR-886-3p	-0.908908304565436	9.6134938524568	-4.98174310296267	1.83211897499265e-06	4.7409601783656e-05	4.65007177661556	GSE21036
hsa-miR-96	1.49682956941952	9.29463234267548	8.42648627771574	3.90840899299998e-14	1.58181402162345e-11	21.6768955284661	GSE21036
hsa-miR-125a-5p	-0.438567585666062	9.27759831239534	-3.01162128365893	0.00308521795032679	0.0224646605733752	-2.29804966748234	GSE21036
hsa-miR-145-star	-0.724487693620997	9.19547241534005	-5.73138134147586	5.89148140829176e-08	2.40229617666588e-06	7.93665820963484	GSE21036
hsa-miR-99b	-0.674590098549764	9.02876877337335	-6.21326538246671	5.60496152557895e-09	3.12947561361786e-07	10.197591783264	GSE21036
hsa-miR-361-5p	-0.302583994003044	8.34364142460468	-3.95091476980036	0.000123058237066885	0.00173027339391014	0.674297008178853	GSE21036
hsa-miR-152	-0.508548290768513	8.28549905996179	-4.83299042182581	3.49689402572759e-06	8.46298669248029e-05	4.03505712195854	GSE21036
hsa-miR-143-star	-1.11208583161444	8.25286622497865	-8.03525427872438	3.52409670890948e-13	8.06994051673684e-11	19.5460275596427	GSE21036
hsa-miR-376c	-0.307849914531788	8.12540006681933	-2.72115899415717	0.00733322853269006	0.0428095111218557	-3.07610628858642	GSE21036
hsa-miR-378	-0.747777982137677	7.99875584294187	-7.01881437996917	8.89326685495181e-11	8.7991028529582e-09	14.1942897454194	GSE21036
hsa-miR-17-star	0.426555889954967	7.86582833067001	3.63263616252758	0.000393085846554066	0.00436776478218952	-0.407617279208997	GSE21036
hsa-miR-133a	-0.979568062545467	7.76485670060903	-7.75334960028391	1.68126392531478e-12	2.49207317462249e-10	18.0328087216585	GSE21036
hsa-miR-106a	0.289480959045052	7.67860440948619	2.92760205922384	0.00398934465720293	0.0272352215663737	-2.53028169893706	GSE21036
hsa-miR-204	-0.755400949563425	7.65744984535539	-4.06708092541603	7.91867329511101e-05	0.00119054377496105	1.08722753824163	GSE21036
hsa-miR-130b	0.592185482172992	7.5522118139747	5.06427260982838	1.27317681175645e-06	3.47502376855878e-05	4.99685707580081	GSE21036
hsa-miR-181c	-0.477898727418043	7.52757729688173	-4.80167139102934	4.00030206877572e-06	9.56093510434212e-05	3.90724531145882	GSE21036
hsa-miR-505	-0.288886521565168	7.41878727407071	-3.54187825240696	0.000540448960186847	0.00565056814939721	-0.702466430197083	GSE21036
hsa-miR-32	0.845615863794865	7.30574368371203	5.54413061153901	1.4278392121278e-07	5.22092511912819e-06	7.08797229105636	GSE21036
hsa-miR-31	-0.955161805461056	7.21931878571248	-5.98627657624252	1.71949339790002e-08	8.47527588356873e-07	9.11931137694144	GSE21036
hsa-miR-24-1-star	-0.472373611334756	7.15427592910671	-4.43766208796068	1.83063777525654e-05	0.000357000897157276	2.46612055337072	GSE21036
hsa-miR-139-5p	-0.506363415585854	7.15393996843801	-5.16396750572318	8.16195302317565e-07	2.37721298441237e-05	5.42094652929716	GSE21036
hsa-miR-182	0.826376705808713	7.1246379481946	6.51895004699477	1.19747893626537e-09	8.17932820628774e-08	11.6845551520905	GSE21036
hsa-miR-181b	-0.180094694160169	7.10735898781203	-3.00277051348682	0.00317067785309154	0.0228642235751338	-2.32278532848976	GSE21036
hsa-miR-18b	0.460337175119057	7.10272790049052	3.31009921789662	0.00118673863343723	0.010688591065282	-1.42702300424578	GSE21036
hsa-let-7b-star	-0.581170266415842	7.0065119429774	-2.78985399295612	0.00601010944376102	0.0367433133463191	-2.89842826547231	GSE21036
hsa-miR-149	-0.364838063355026	6.96591035909039	-2.72641004929132	0.00722345938094378	0.0423558269295053	-3.06266467448723	GSE21036
hsa-miR-7	0.64347817386603	6.96419979109007	4.03661955469296	8.89673672861094e-05	0.00131265887522137	0.978035123480987	GSE21036
hsa-miR-193b	-0.371192408766324	6.9315118635922	-3.91451165720529	0.000141028960058022	0.00193050425894277	0.546851936125087	GSE21036
hsa-miR-153	1.18036583946115	6.79275714824547	6.95903984308552	1.21928867682567e-10	1.13149989209422e-08	13.8894296746438	GSE21036
hsa-miR-224	-0.716593355335688	6.72905798072143	-5.05909261206536	1.3027394604838e-06	3.54134589500403e-05	4.97497593265257	GSE21036
hsa-miR-455-5p	-0.320506721283813	6.58854092453072	-3.10792368462176	0.00228313736516363	0.0178719583395241	-2.02480347811399	GSE21036
hsa-miR-28-3p	-0.387122232613865	6.48943238775156	-3.55725017171093	0.000512286041242349	0.00543208902360681	-0.652962315210353	GSE21036
hsa-miR-1229	-0.444119393852506	6.38898829008181	-3.10654186274989	0.00229313370210353	0.0179189355955314	-2.0287771606014	GSE21036
hsa-miR-452	-0.316109408794024	6.34092023107374	-3.83516539856378	0.000189234670923936	0.00240028616427233	0.272341526324909	GSE21036
hsa-miR-221-star	-0.283324163209731	6.32917720670073	-2.75465094556661	0.00665826402720663	0.0398548046041337	-2.98997546194124	GSE21036
hsa-miR-7-1-star	0.387111644748985	6.30819384160572	3.80622833973142	0.000210430930537694	0.0026145508784074	0.17335604218595	GSE21036
hsa-miR-148a-star	0.550606577141011	6.29522420304369	6.51401713604574	1.22803997975882e-09	8.34571008466396e-08	11.6602573137577	GSE21036
hsa-miR-193a-5p	-0.177120201129513	6.23964075260696	-2.70145732898782	0.00775869029092193	0.0446348595787283	-3.12633098752263	GSE21036
hsa-miR-378-star	-0.262818569791923	6.22296708582734	-3.2810594103201	0.00130608561931308	0.0115471012440715	-1.51487227110173	GSE21036
hsa-miR-34a-star	-0.208755419821459	6.15623453030794	-2.70031175382693	0.00778410373726147	0.0447428021736823	-3.12924126855987	GSE21036
hsa-miR-665	0.247501405839733	6.09872557244349	2.79732710696238	0.00588013478445463	0.0362617294498724	-2.87886049629974	GSE21036
hsa-miR-512-3p	0.196539810843425	6.0618490342117	2.72638229693833	0.00722403558287862	0.0423558269295053	-3.06273577588648	GSE21036
hsa-miR-31-star	-0.453884518824113	6.05724623002473	-3.67091891624734	0.000343096072852675	0.00394252839991938	-0.281401574259493	GSE21036
hsa-miR-936	0.306584149145558	5.99873747225464	3.9677928478138	0.000115487218781901	0.00164444022849657	0.733704525610103	GSE21036
hsa-miR-502-5p	-0.219284254661226	5.80124036268372	-3.00402493721572	0.00315843436604682	0.0228003716896598	-2.31928341250041	GSE21036
hsa-miR-652	-0.168135129010027	5.67125503338781	-3.18447691028329	0.00178838746071445	0.0148089487208453	-1.80227131203645	GSE21036
hsa-miR-517-star	-0.322757223806318	5.66247543703044	-7.46667401528627	8.06215508766106e-12	9.60038573978472e-10	16.515536048133	GSE21036
hsa-miR-593	-0.230277420286717	5.54407163953529	-3.58695356561352	0.000461739416576021	0.00497451208122253	-0.556800640273615	GSE21036
hsa-miR-873	-0.261827628134657	5.53353043906887	-3.58861974724183	0.000459048185455112	0.00495345018723656	-0.551386916207223	GSE21036
hsa-miR-200c	1.54852092232895	7.35188295746628	6.2235791975306	3.18836492990962e-06	0.000614226445733335	4.66158330381614	GSE23022
hsa-miR-20a	1.43209079074907	2.96057576223647	6.20552811028821	3.32207590599423e-06	0.000618143409651069	4.622539531353	GSE23022
hsa-miR-20b	1.50445649819846	2.99922074403127	5.84486486620723	7.60919556930965e-06	0.000974850219248441	3.83382052191494	GSE23022
hsa-miR-106a	1.28239893937414	4.44496973305265	5.40580408376418	2.12669352897915e-05	0.0019325709219735	2.85354632608726	GSE23022
hsa-miR-221	-1.11791771530731	5.20167984369351	-5.3696383546765	2.31650074355068e-05	0.00205474173432312	2.77193898732909	GSE23022
hsa-miR-222	-1.54742620963829	5.46060027883384	-5.34937117952497	2.4303041191065e-05	0.00205474173432312	2.72615487302319	GSE23022
hsa-miR-375	1.97615758910055	3.73456495701139	5.14081759516648	3.9889197629198e-05	0.00293759147576578	2.25302077756383	GSE23022
hsa-miR-182	1.2592300621015	2.5267201720994	5.12643937461378	4.12806405303786e-05	0.00298711301615657	2.22027650317307	GSE23022
hsa-miR-17	1.44187209262693	4.64798529661674	4.972771516012	5.96067604579396e-05	0.00387285361494151	1.86943996930247	GSE23022
hsa-miR-93	1.34245050404498	4.27974198639513	4.88592168468799	7.34118586546461e-05	0.0044131821183543	1.67051827529941	GSE23022
hsa-miR-768-3p	0.741523854111277	5.77379203519306	4.46123581490559	0.000204380051061834	0.00892307317904042	0.693525584003352	GSE23022
hsa-miR-145	-0.527722909460516	8.63385556927775	-4.36721034915963	0.000256574176601794	0.0106655701603352	0.476797397730001	GSE23022
hsa-miR-141	0.503039733696235	1.32695884175281	4.25967833241459	0.00033283036723777	0.0128131493594245	0.22902776784615	GSE23022
hsa-miR-768-5p	0.849427320343412	4.25897227298601	4.16433936703931	0.000419193515640884	0.0152371968592256	0.00956563299607538	GSE23022
hsa-miR-125a-5p	-0.558874794685579	3.8506293969167	-4.12465091675966	0.000461435488713629	0.0163851480910541	-0.0817034585344265	GSE23022
hsa-miR-214	-0.802630001693881	5.67370730300967	-3.94056999289211	0.00071993659720708	0.023345661855491	-0.503991560713107	GSE23022
hsa-miR-378-star	-0.36445326342926	1.06426613197645	-3.84480860362051	0.000906926382595482	0.0277946261960145	-0.722767456617396	GSE23022
hsa-miR-106b	0.758205293430958	1.91486061504486	3.64549655479775	0.00146391608082284	0.0417536648599652	-1.17530670558777	GSE23022
hsa-miR-145-star	-2.24796082560227	6.23016582708223	-8.74572395068106	6.35869705037865e-09	1.94901805389974e-06	10.6126467597179	GSE36803
hsa-miR-221	-1.67378532646123	11.0257222169341	-8.49110170087241	1.0932223870877e-08	2.19128906108475e-06	10.0869862176076	GSE36803
hsa-miR-222	-1.73168986953865	11.0749688905535	-8.255872962184	1.81736683050879e-08	2.71306362002861e-06	9.5930920103667	GSE36803
hsa-miR-125a-5p	-1.02061098035739	11.4147277747221	-7.67470670669205	6.58437866267341e-08	4.7645295600734e-06	8.33891183143705	GSE36803
hsa-miR-27b	-0.874673196584858	11.5960300917296	-6.91188542546934	3.81628664793868e-07	1.56969895545478e-05	6.62113903555196	GSE36803
hsa-miR-221-star	-1.6895422249004	5.18876513002145	-6.89765149386259	3.94628498269874e-07	1.6146710544393e-05	6.58834489303129	GSE36803
hsa-miR-133a	-1.92516534297648	8.49253394911583	-6.74835067324006	5.61610969754101e-07	2.08008991878118e-05	6.24280069996736	GSE36803
hsa-miR-139-5p	-1.45787401922343	5.80960145777562	-6.67620586351171	6.66672927333347e-07	2.34150113195157e-05	6.07481977672609	GSE36803
hsa-miR-152	-1.11860794689598	8.60182612214508	-6.64190328521392	7.23469686904165e-07	2.44758251218876e-05	5.99472390500837	GSE36803
hsa-miR-143-star	-1.69034396250153	6.95415885179013	-6.62283029383762	7.57163835616986e-07	2.5287330663875e-05	5.95012634947198	GSE36803
hsa-miR-145	-0.72497930142594	13.959767952854	-6.52288426155572	9.61818823906526e-07	3.06800575870592e-05	5.71570574865487	GSE36803
hsa-miR-133b	-1.65817188887344	8.68509288852608	-6.35773689192804	1.43182379527796e-06	4.01064622225708e-05	5.32576931215214	GSE36803
hsa-miR-505	-1.1783351057358	5.10303329702561	-6.28561444983679	1.70520018862725e-06	4.39806583304356e-05	5.15449948116265	GSE36803
hsa-miR-455-5p	-1.80824913031114	3.98915256357105	-6.23618789429938	1.92276378152642e-06	4.8007664385396e-05	5.03679298753064	GSE36803
hsa-miR-25	0.897030020369533	8.98407285536074	6.20474045121999	2.07571153769536e-06	5.08516792071762e-05	4.96176441982465	GSE36803
hsa-miR-181c	-1.05310288687881	7.16073989399743	-6.07406468444237	2.85620364626182e-06	6.41414698147591e-05	4.64887256076986	GSE36803
hsa-miR-205	-3.47523356765842	11.0691781948585	-6.05962871705618	2.95904002245638e-06	6.56957323167518e-05	4.61419882740657	GSE36803
hsa-miR-886-3p	-0.966811671521782	9.61147791405354	-6.03096104461824	3.17456691421125e-06	6.92995542864829e-05	4.54527989107249	GSE36803
hsa-miR-34a-star	-1.10092768013648	5.90996167301462	-5.8390265471507	5.09368429595368e-06	0.00010366443430437	4.0818117167959	GSE36803
hsa-miR-30c	-0.669751274592109	11.5034645034879	-5.7969261008803	5.65302613411713e-06	0.000113569149712405	3.97969751725283	GSE36803
hsa-miR-593	-0.723800889942326	3.88544072859649	-5.79199248187969	5.72253245611311e-06	0.000114264122323522	3.96772090542232	GSE36803
hsa-miR-99b	-0.876193114755177	8.89233512025581	-5.7917614563713	5.72580839380998e-06	0.000114264122323522	3.96716002746289	GSE36803
hsa-miR-31	-2.43571890730624	7.53447828552981	-5.61207641511527	8.94903941239597e-06	0.000165726879165579	3.52958267773051	GSE36803
hsa-miR-376c	-1.47525739096896	4.94542107608865	-5.56192827420058	1.01418450757702e-05	0.000184322137830567	3.40700861133842	GSE36803
hsa-miR-130a	-0.773470526791597	10.7224076982713	-5.51113874189675	1.15144264226791e-05	0.000201760633392909	3.28268200473409	GSE36803
hsa-miR-224	-1.29669693759783	5.20958431120324	-5.44576777553655	1.35619372025997e-05	0.000228912611745824	3.12240276348616	GSE36803
hsa-miR-153	1.77087018158486	3.84115289275531	5.31833971240315	1.86752073854924e-05	0.000291893491435247	2.80920458532048	GSE36803
hsa-miR-378	-0.992575886559695	8.52284830853384	-5.27333662261547	2.09146079669789e-05	0.000321747364688859	2.69837626160315	GSE36803
hsa-miR-100	-0.755582303843054	10.9163230968115	-5.12249951986465	3.05977913253191e-05	0.000425483521721296	2.32621458769477	GSE36803
hsa-miR-936	0.548836245165697	7.44931309078403	5.05039698170085	3.67169948894795e-05	0.000492184073861548	2.14799888144863	GSE36803
hsa-miR-23b	-0.570513087159982	12.5604010878784	-5.01874557515865	3.97794047364245e-05	0.000519917521202665	2.06971437901476	GSE36803
hsa-miR-182	1.05136834616957	8.11488171444033	4.84681788537904	6.15104835127997e-05	0.000728340043412924	1.64408692813088	GSE36803
hsa-miR-23a	-0.531310786225347	12.4152002436895	-4.7806296383674	7.27670157386327e-05	0.000837517272455691	1.48012708364111	GSE36803
hsa-miR-93	0.633166425994325	9.60832730152045	4.72288219422977	8.42655146699901e-05	0.00095026695114859	1.33706853651858	GSE36803
hsa-miR-141	0.705548831386475	11.5433627482689	4.68653229795486	9.24209717818437e-05	0.00102887449355429	1.24702512286203	GSE36803
hsa-miR-28-3p	-0.636065660124604	7.16913843637125	-4.63561357377412	0.000105192611088011	0.00113609282093715	1.12091429924288	GSE36803
hsa-miR-204	-0.974916019958039	3.04703024384366	-4.56727492760763	0.000125154949933193	0.00131640098752073	0.951724732483703	GSE36803
hsa-miR-130b	0.972838659556425	5.85606729726237	4.5238731449678	0.000139758487272562	0.00144855779580248	0.844328148192425	GSE36803
hsa-miR-148a-star	1.0287162400451	5.09461942188253	4.49444148074755	0.000150619089614063	0.0015443912436713	0.771531333852034	GSE36803
hsa-miR-24	-0.452637370273994	12.9455661181896	-4.49372543590196	0.000150893571703847	0.0015443912436713	0.76976060349384	GSE36803
hsa-miR-27a	-0.557020797833077	11.9109034309281	-4.42461072188917	0.000179881011762885	0.00179861137254823	0.598933203343091	GSE36803
hsa-miR-31-star	-0.931827705441117	4.04950103893223	-4.32493035214886	0.00023173853229611	0.00220858125596841	0.352933169289765	GSE36803
hsa-miR-143	-0.559549988879576	14.0745285755472	-4.1941466373507	0.000322975125912338	0.00296947130471167	0.0310633719480826	GSE36803
hsa-miR-96	1.17011457140597	5.55458133056583	4.05573564224747	0.000458578111707213	0.00400871134562849	-0.308125697888427	GSE36803
hsa-miR-375	0.866413879420223	10.4523653978499	4.04352525346839	0.000472958018914205	0.00409774602861919	-0.337962782450714	GSE36803
hsa-miR-497	-0.63156678773068	10.1040500516009	-3.95223495593078	0.000595584097826934	0.0050138797159422	-0.560533715785295	GSE36803
hsa-miR-149	-1.27060260809065	8.02935003243931	-3.94237771020913	0.000610574377917002	0.00512528331194561	-0.5845097245635	GSE36803
hsa-miR-324-3p	-0.505810081762532	7.32953975392459	-3.87767082280202	0.000718658070087304	0.00595579301986456	-0.741600473971589	GSE36803
hsa-miR-452	-0.724684505504313	5.14317234315905	-3.86731944467753	0.000737618640302657	0.00608710630830545	-0.766680922802215	GSE36803
hsa-miR-24-1-star	-0.975997941263309	4.51746838322012	-3.826959065806	0.000816373718742048	0.00664579230413449	-0.864331743887959	GSE36803
hsa-miR-517-star	-0.715882960411	5.24659642011988	-3.76319472170999	0.000957982999210703	0.00762386674015442	-1.01813387550638	GSE36803
hsa-miR-193b	-0.669464691646512	9.51443939135502	-3.71297418635203	0.00108628515764443	0.00849781632331452	-1.13883077743605	GSE36803
hsa-miR-1	-1.47118126925558	6.09027246220606	-3.66483996937133	0.00122503360831611	0.00946947344113789	-1.25412686378663	GSE36803
hsa-miR-1229	-0.690113344305004	5.2069152364991	-3.64730710465373	0.00127977606081485	0.00982460698945779	-1.29602488608144	GSE36803
hsa-miR-181b	-0.759573081489964	6.89118316160827	-3.59765530915942	0.00144814207329547	0.0108866184150147	-1.41437842700898	GSE36803
hsa-miR-502-5p	-0.503153922519694	3.20539515206361	-3.57574635662904	0.00152915833496034	0.0113813070359191	-1.46645696822482	GSE36803
hsa-miR-512-3p	0.48870038142383	2.59349303665149	3.56858058280175	0.00155660632450636	0.0115635726483053	-1.48347045750174	GSE36803
hsa-miR-7-1-star	0.718341144367159	3.98188737755536	3.52715328242031	0.00172499070302546	0.0125988806954617	-1.58163306903619	GSE36803
hsa-miR-768-5p	0.357227756118835	12.2909296709422	3.45266044866768	0.00207361279982468	0.0148009460434588	-1.7572614513972	GSE36803
hsa-miR-873	-0.550234917716608	2.57426061672796	-3.40869388899739	0.00231065631826351	0.0162536265771641	-1.86035597350502	GSE36803
hsa-miR-193a-5p	-0.535827976182791	10.2917234645266	-3.21818764775332	0.00367907430501372	0.0238605524428898	-2.30170542516836	GSE36803
hsa-miR-652	-0.629876096962083	5.92519360579524	-3.17615211926777	0.00407292046740505	0.0258370930836659	-2.39781133151052	GSE36803
hsa-miR-7	0.517592889056591	4.13840780624961	3.14058896121936	0.00443759705333365	0.0275674252558048	-2.47872852875182	GSE36803
hsa-miR-18b	0.866915139194663	5.08151713004468	3.10602031407876	0.00482208367224148	0.0296495546015477	-2.55702818073994	GSE36803
hsa-miR-34a	-0.642934851596273	8.20019186199167	-3.07797860371852	0.00515730987673912	0.0312195016938158	-2.62027986656727	GSE36803
hsa-miR-768-3p	0.311730300456004	12.5015589361989	3.00637386792385	0.00611783015414498	0.0358402118850398	-2.78067924165695	GSE36803
hsa-miR-665	0.480138674149149	9.21934294889734	3.001769373784	0.00618513153691536	0.0361802417372706	-2.79093723473759	GSE36803
hsa-miR-22	-0.32722516736081	12.2130707136847	-2.99597782888582	0.00627078950716674	0.0365445339287905	-2.80382987678269	GSE36803
hsa-miR-148a	0.496703177292588	10.5430327233767	2.94719358198234	0.00703871765701833	0.040180846230532	-2.91198498864196	GSE36803
hsa-miR-361-5p	-0.362810656448188	8.64481899891888	-2.94002585493117	0.00715884624904552	0.0406882788627569	-2.92780789759956	GSE36803
hsa-miR-17-star	0.680235395071954	6.87557932433605	2.93851501912144	0.00718441567241141	0.0407773968304507	-2.93114084273879	GSE36803
hsa-let-7b-star	-0.688946382910284	5.76042065654326	-2.88922373826264	0.00806801615989831	0.0449725722465088	-3.03944125041629	GSE36803
hsa-miR-32	0.381822545542718	1.84897367922087	2.87317538121593	0.00837736588344003	0.0462352502677146	-3.07451556098963	GSE36803
hsa-miR-200c	0.445871025859743	11.431406961009	2.85351028541819	0.00877181238255266	0.0480390425855985	-3.1173668760518	GSE36803
